100 100 298
0 0 0.1959
1 1 0.3958
2 2 0.6484
3 3 0.2494
4 4 0.6138
5 5 0.9862
6 6 0.5181
7 7 0.1203
8 8 0.4863
9 9 0.1432
10 10 0.7558
11 11 0.6145
12 12 0.4929
13 13 0.9546
14 14 0.4157
15 15 0.8115
16 16 0.0121
17 17 0.5653
18 18 0.3084
19 19 0.3456
20 20 0.5150
21 21 0.3063
22 22 0.9405
23 23 0.4018
24 24 0.3544
25 25 0.8524
26 26 0.4024
27 27 0.2493
28 28 0.1385
29 29 0.7438
30 30 0.8574
31 31 0.8725
32 32 0.6525
33 33 0.3492
34 34 0.2006
35 35 0.0254
36 36 0.2781
37 37 0.9814
38 38 0.7624
39 39 0.2202
40 40 0.0818
41 41 0.1556
42 42 0.6814
43 43 0.6797
44 44 0.8241
45 45 0.5014
46 46 0.2869
47 47 0.1956
48 48 0.3422
49 49 0.1313
50 50 0.2224
51 51 0.7508
52 52 0.1102
53 53 0.0999
54 54 0.2832
55 55 0.1355
56 56 0.4475
57 57 0.8195
58 58 0.9932
59 59 0.7369
60 60 0.9335
61 61 0.6851
62 62 0.7779
63 63 0.1052
64 64 0.5360
65 65 0.6760
66 66 0.7568
67 67 0.3198
68 68 0.2860
69 69 0.2372
70 70 0.9089
71 71 0.8083
72 72 0.6931
73 73 0.7627
74 74 0.6330
75 75 0.5328
76 76 0.8449
77 77 0.2608
78 78 0.9751
79 79 0.8383
80 80 0.0621
81 81 0.4046
82 82 0.0305
83 83 0.8851
84 84 0.2570
85 85 0.5405
86 86 0.3508
87 87 0.5300
88 88 0.7487
89 89 0.6935
90 90 0.7923
91 91 0.8445
92 92 0.9398
93 93 0.3906
94 94 0.5129
95 95 0.4197
96 96 0.3954
97 97 0.2886
98 98 0.3434
99 99 0.3343
1 0 0.4827
2 1 0.1692
3 2 0.5204
4 3 0.9435
5 4 0.8071
6 5 0.6603
7 6 0.8136
8 7 0.8593
9 8 0.1030
10 9 0.1832
11 10 0.9324
12 11 0.5014
13 12 0.1300
14 13 0.9710
15 14 0.3317
16 15 0.3591
17 16 0.9836
18 17 0.5870
19 18 0.7900
20 19 0.0902
21 20 0.9177
22 21 0.6602
23 22 0.3193
24 23 0.0577
25 24 0.0758
26 25 0.8485
27 26 0.8896
28 27 0.7706
29 28 0.3203
30 29 0.0016
31 30 0.7326
32 31 0.9770
33 32 0.9868
34 33 0.4006
35 34 0.3181
36 35 0.8832
37 36 0.4408
38 37 0.2155
39 38 0.5791
40 39 0.1844
41 40 0.2688
42 41 0.6918
43 42 0.7302
44 43 0.7668
45 44 0.0700
46 45 0.8508
47 46 0.8488
48 47 0.7275
49 48 0.5964
50 49 0.9486
51 50 0.2902
52 51 0.4641
53 52 0.9534
54 53 0.1918
55 54 0.3512
56 55 0.1805
57 56 0.3844
58 57 0.1742
59 58 0.5851
60 59 0.5797
61 60 0.1617
62 61 0.8201
63 62 0.8825
64 63 0.1746
65 64 0.0191
66 65 0.7099
67 66 0.7677
68 67 0.4727
69 68 0.6681
70 69 0.2511
71 70 0.2402
72 71 0.2565
73 72 0.6715
74 73 0.4672
75 74 0.2890
76 75 0.1547
77 76 0.1987
78 77 0.4379
79 78 0.6709
80 79 0.5086
81 80 0.7092
82 81 0.0354
83 82 0.7932
84 83 0.4923
85 84 0.3815
86 85 0.0522
87 86 0.4446
88 87 0.2637
89 88 0.9489
90 89 0.5927
91 90 0.7401
92 91 0.9002
93 92 0.0555
94 93 0.3644
95 94 0.7112
96 95 0.4034
97 96 0.7361
98 97 0.0120
99 98 0.7530
0 1 0.8928
1 2 0.8597
2 3 0.1143
3 4 0.5359
4 5 0.3194
5 6 0.1669
6 7 0.2562
7 8 0.7413
8 9 0.4247
9 10 0.0868
10 11 0.8666
11 12 0.2864
12 13 0.0166
13 14 0.5424
14 15 0.1657
15 16 0.5688
16 17 0.8213
17 18 0.7755
18 19 0.2159
19 20 0.5739
20 21 0.8990
21 22 0.5698
22 23 0.2732
23 24 0.4044
24 25 0.5689
25 26 0.2999
26 27 0.7167
27 28 0.9367
28 29 0.3549
29 30 0.4482
30 31 0.3612
31 32 0.9468
32 33 0.4174
33 34 0.3076
34 35 0.6232
35 36 0.4079
36 37 0.0610
37 38 0.1490
38 39 0.3504
39 40 0.4651
40 41 0.6555
41 42 0.7201
42 43 0.7455
43 44 0.7991
44 45 0.1647
45 46 0.4656
46 47 0.5227
47 48 0.3272
48 49 0.9187
49 50 0.0220
50 51 0.5412
51 52 0.9572
52 53 0.6036
53 54 0.1588
54 55 0.7260
55 56 0.5302
56 57 0.7396
57 58 0.6762
58 59 0.4302
59 60 0.7154
60 61 0.0438
61 62 0.9723
62 63 0.2858
63 64 0.6785
64 65 0.3695
65 66 0.1105
66 67 0.7468
67 68 0.1009
68 69 0.7227
69 70 0.7171
70 71 0.9778
71 72 0.0083
72 73 0.1194
73 74 0.6870
74 75 0.6625
75 76 0.1902
76 77 0.9162
77 78 0.3684
78 79 0.9590
79 80 0.3817
80 81 0.8410
81 82 0.0789
82 83 0.1465
83 84 0.2825
84 85 0.9578
85 86 0.4514
86 87 0.1931
87 88 0.0320
88 89 0.0016
89 90 0.2077
90 91 0.1869
91 92 0.8558
92 93 0.4764
93 94 0.4065
94 95 0.4083
95 96 0.6951
96 97 0.0255
97 98 0.5869
98 99 0.0006
