1000 1000 2998
0 0 0.0580
1 1 0.9618
2 2 0.6778
3 3 0.2090
4 4 0.3932
5 5 0.2843
6 6 0.2610
7 7 0.3013
8 8 0.2076
9 9 0.0089
10 10 0.9602
11 11 0.7711
12 12 0.4139
13 13 0.9266
14 14 0.1841
15 15 0.2300
16 16 0.0308
17 17 0.4506
18 18 0.1104
19 19 0.9145
20 20 0.8873
21 21 0.9090
22 22 0.4750
23 23 0.1234
24 24 0.8038
25 25 0.8003
26 26 0.6677
27 27 0.3664
28 28 0.4909
29 29 0.9041
30 30 0.4999
31 31 0.0961
32 32 0.4951
33 33 0.3876
34 34 0.2096
35 35 0.8702
36 36 0.1450
37 37 0.3269
38 38 0.5251
39 39 0.7736
40 40 0.8361
41 41 0.4373
42 42 0.7813
43 43 0.8892
44 44 0.4921
45 45 0.8468
46 46 0.4409
47 47 0.3035
48 48 0.4240
49 49 0.4574
50 50 0.6679
51 51 0.7310
52 52 0.9389
53 53 0.1402
54 54 0.9587
55 55 0.5805
56 56 0.9476
57 57 0.4301
58 58 0.0022
59 59 0.0801
60 60 0.5086
61 61 0.4896
62 62 0.7602
63 63 0.9788
64 64 0.8369
65 65 0.1988
66 66 0.8872
67 67 0.9230
68 68 0.3561
69 69 0.7923
70 70 0.8533
71 71 0.8747
72 72 0.2026
73 73 0.2777
74 74 0.0271
75 75 0.6095
76 76 0.0462
77 77 0.4686
78 78 0.5694
79 79 0.2820
80 80 0.7814
81 81 0.8960
82 82 0.2209
83 83 0.0249
84 84 0.6765
85 85 0.2708
86 86 0.1176
87 87 0.2145
88 88 0.6993
89 89 0.3676
90 90 0.4487
91 91 0.5451
92 92 0.5155
93 93 0.8126
94 94 0.9906
95 95 0.2873
96 96 0.6105
97 97 0.5566
98 98 0.2700
99 99 0.1012
100 100 0.3899
101 101 0.1232
102 102 0.0024
103 103 0.0602
104 104 0.4674
105 105 0.2725
106 106 0.3078
107 107 0.9725
108 108 0.5020
109 109 0.9741
110 110 0.3100
111 111 0.3938
112 112 0.3086
113 113 0.3530
114 114 0.4108
115 115 0.2998
116 116 0.3817
117 117 0.2088
118 118 0.4151
119 119 0.9359
120 120 0.3450
121 121 0.2295
122 122 0.6634
123 123 0.7297
124 124 0.0487
125 125 0.4120
126 126 0.2957
127 127 0.0804
128 128 0.8135
129 129 0.8228
130 130 0.6014
131 131 0.0416
132 132 0.8106
133 133 0.1410
134 134 0.5021
135 135 0.4930
136 136 0.8720
137 137 0.5350
138 138 0.2919
139 139 0.8555
140 140 0.3807
141 141 0.9365
142 142 0.4348
143 143 0.2495
144 144 0.1097
145 145 0.4390
146 146 0.8204
147 147 0.6128
148 148 0.5678
149 149 0.7646
150 150 0.5701
151 151 0.6838
152 152 0.6463
153 153 0.0086
154 154 0.8760
155 155 0.2556
156 156 0.3199
157 157 0.2198
158 158 0.4751
159 159 0.8196
160 160 0.4758
161 161 0.2221
162 162 0.7779
163 163 0.8861
164 164 0.0595
165 165 0.6235
166 166 0.5694
167 167 0.4628
168 168 0.6943
169 169 0.0736
170 170 0.7152
171 171 0.2942
172 172 0.6759
173 173 0.9574
174 174 0.3053
175 175 0.6352
176 176 0.0720
177 177 0.7647
178 178 0.3131
179 179 0.1996
180 180 0.6649
181 181 0.2337
182 182 0.5415
183 183 0.4609
184 184 0.6506
185 185 0.5570
186 186 0.4420
187 187 0.2592
188 188 0.6696
189 189 0.7826
190 190 0.0472
191 191 0.7723
192 192 0.7796
193 193 0.9893
194 194 0.5034
195 195 0.6053
196 196 0.1855
197 197 0.3995
198 198 0.9941
199 199 0.7891
200 200 0.7537
201 201 0.2405
202 202 0.1985
203 203 0.8995
204 204 0.9806
205 205 0.7281
206 206 0.6236
207 207 0.3702
208 208 0.9582
209 209 0.1513
210 210 0.8313
211 211 0.6977
212 212 0.4381
213 213 0.4194
214 214 0.1193
215 215 0.9870
216 216 0.7529
217 217 0.3261
218 218 0.7350
219 219 0.7552
220 220 0.1612
221 221 0.7951
222 222 0.9906
223 223 0.8141
224 224 0.4016
225 225 0.8136
226 226 0.8555
227 227 0.1530
228 228 0.7153
229 229 0.7696
230 230 0.5813
231 231 0.0263
232 232 0.3497
233 233 0.5164
234 234 0.5586
235 235 0.7598
236 236 0.9914
237 237 0.6479
238 238 0.6574
239 239 0.5288
240 240 0.1470
241 241 0.3327
242 242 0.4511
243 243 0.5459
244 244 0.7053
245 245 0.7629
246 246 0.2968
247 247 0.4260
248 248 0.1143
249 249 0.4017
250 250 0.0393
251 251 0.8849
252 252 0.8340
253 253 0.0497
254 254 0.2235
255 255 0.7690
256 256 0.4734
257 257 0.4237
258 258 0.8613
259 259 0.9639
260 260 0.8291
261 261 0.9165
262 262 0.5757
263 263 0.0180
264 264 0.4881
265 265 0.4645
266 266 0.7705
267 267 0.7536
268 268 0.6724
269 269 0.7507
270 270 0.7268
271 271 0.1834
272 272 0.5583
273 273 0.0127
274 274 0.3355
275 275 0.8113
276 276 0.1951
277 277 0.1523
278 278 0.6901
279 279 0.6661
280 280 0.3436
281 281 0.7943
282 282 0.6612
283 283 0.1702
284 284 0.5971
285 285 0.1494
286 286 0.6784
287 287 0.2942
288 288 0.2285
289 289 0.6667
290 290 0.4258
291 291 0.2030
292 292 0.3206
293 293 0.3897
294 294 0.8803
295 295 0.9576
296 296 0.5635
297 297 0.0876
298 298 0.4418
299 299 0.4058
300 300 0.1703
301 301 0.8086
302 302 0.7598
303 303 0.8917
304 304 0.3934
305 305 0.9762
306 306 0.0744
307 307 0.6437
308 308 0.6469
309 309 0.9652
310 310 0.4080
311 311 0.8292
312 312 0.6934
313 313 0.6480
314 314 0.3375
315 315 0.8924
316 316 0.3302
317 317 0.6066
318 318 0.7667
319 319 0.6098
320 320 0.9118
321 321 0.2859
322 322 0.3198
323 323 0.0984
324 324 0.5749
325 325 0.7817
326 326 0.2820
327 327 0.7633
328 328 0.5843
329 329 0.0397
330 330 0.7448
331 331 0.6175
332 332 0.8641
333 333 0.3780
334 334 0.7577
335 335 0.7436
336 336 0.9732
337 337 0.7013
338 338 0.4979
339 339 0.2196
340 340 0.3098
341 341 0.5329
342 342 0.6019
343 343 0.4604
344 344 0.2252
345 345 0.5062
346 346 0.8359
347 347 0.0115
348 348 0.7675
349 349 0.7384
350 350 0.8867
351 351 0.6739
352 352 0.7933
353 353 0.1763
354 354 0.0351
355 355 0.2274
356 356 0.4824
357 357 0.8329
358 358 0.7797
359 359 0.4384
360 360 0.9214
361 361 0.7268
362 362 0.8285
363 363 0.9699
364 364 0.1718
365 365 0.6669
366 366 0.2628
367 367 0.3341
368 368 0.1852
369 369 0.1208
370 370 0.8428
371 371 0.1172
372 372 0.9917
373 373 0.3753
374 374 0.2137
375 375 0.3042
376 376 0.2679
377 377 0.1771
378 378 0.2730
379 379 0.8242
380 380 0.3363
381 381 0.0425
382 382 0.0030
383 383 0.3368
384 384 0.0332
385 385 0.5004
386 386 0.8598
387 387 0.2538
388 388 0.3646
389 389 0.6425
390 390 0.6430
391 391 0.7143
392 392 0.9196
393 393 0.4740
394 394 0.7615
395 395 0.4538
396 396 0.2674
397 397 0.5620
398 398 0.8304
399 399 0.9449
400 400 0.0017
401 401 0.5489
402 402 0.5270
403 403 0.2318
404 404 0.6282
405 405 0.6464
406 406 0.9371
407 407 0.0600
408 408 0.9432
409 409 0.8869
410 410 0.8574
411 411 0.2488
412 412 0.0999
413 413 0.9489
414 414 0.2663
415 415 0.5569
416 416 0.0580
417 417 0.3425
418 418 0.1534
419 419 0.3549
420 420 0.3108
421 421 0.9857
422 422 0.2876
423 423 0.9308
424 424 0.1040
425 425 0.0456
426 426 0.5722
427 427 0.5256
428 428 0.3578
429 429 0.1234
430 430 0.0896
431 431 0.7976
432 432 0.6332
433 433 0.6871
434 434 0.0391
435 435 0.0512
436 436 0.1814
437 437 0.9077
438 438 0.6225
439 439 0.0623
440 440 0.4906
441 441 0.2630
442 442 0.6010
443 443 0.7087
444 444 0.9633
445 445 0.5438
446 446 0.4775
447 447 0.5613
448 448 0.9648
449 449 0.5785
450 450 0.9191
451 451 0.0646
452 452 0.2165
453 453 0.8038
454 454 0.1979
455 455 0.3832
456 456 0.6568
457 457 0.2270
458 458 0.2137
459 459 0.3486
460 460 0.1676
461 461 0.5690
462 462 0.1403
463 463 0.3024
464 464 0.6892
465 465 0.6811
466 466 0.2545
467 467 0.6598
468 468 0.9531
469 469 0.9678
470 470 0.3614
471 471 0.3625
472 472 0.1504
473 473 0.7130
474 474 0.4073
475 475 0.8920
476 476 0.7059
477 477 0.9593
478 478 0.5620
479 479 0.5920
480 480 0.6228
481 481 0.4324
482 482 0.0884
483 483 0.2084
484 484 0.8401
485 485 0.6149
486 486 0.4561
487 487 0.8414
488 488 0.5249
489 489 0.7862
490 490 0.8568
491 491 0.2751
492 492 0.6499
493 493 0.4973
494 494 0.6749
495 495 0.9823
496 496 0.7920
497 497 0.4533
498 498 0.2518
499 499 0.4570
500 500 0.2362
501 501 0.6276
502 502 0.3397
503 503 0.4362
504 504 0.8923
505 505 0.1434
506 506 0.6994
507 507 0.5890
508 508 0.2743
509 509 0.6942
510 510 0.5783
511 511 0.2489
512 512 0.8699
513 513 0.9663
514 514 0.3555
515 515 0.5829
516 516 0.0217
517 517 0.1325
518 518 0.0866
519 519 0.5764
520 520 0.0098
521 521 0.8225
522 522 0.6317
523 523 0.2941
524 524 0.1368
525 525 0.0789
526 526 0.6069
527 527 0.4111
528 528 0.8858
529 529 0.9050
530 530 0.9029
531 531 0.7920
532 532 0.3236
533 533 0.1348
534 534 0.3531
535 535 0.9496
536 536 0.3798
537 537 0.6504
538 538 0.9185
539 539 0.1995
540 540 0.6701
541 541 0.0487
542 542 0.9874
543 543 0.5490
544 544 0.5283
545 545 0.0321
546 546 0.8869
547 547 0.8441
548 548 0.8134
549 549 0.0737
550 550 0.1787
551 551 0.5383
552 552 0.4235
553 553 0.4437
554 554 0.9419
555 555 0.8158
556 556 0.9376
557 557 0.1849
558 558 0.5384
559 559 0.2707
560 560 0.6267
561 561 0.4207
562 562 0.6991
563 563 0.3632
564 564 0.1414
565 565 0.6445
566 566 0.1615
567 567 0.2089
568 568 0.9056
569 569 0.2505
570 570 0.0733
571 571 0.6282
572 572 0.1135
573 573 0.6016
574 574 0.5880
575 575 0.2917
576 576 0.0479
577 577 0.7664
578 578 0.9223
579 579 0.8020
580 580 0.9426
581 581 0.0811
582 582 0.0705
583 583 0.9339
584 584 0.5674
585 585 0.2305
586 586 0.7009
587 587 0.1025
588 588 0.1662
589 589 0.6308
590 590 0.9719
591 591 0.0930
592 592 0.6265
593 593 0.4663
594 594 0.7789
595 595 0.3113
596 596 0.8642
597 597 0.1937
598 598 0.4037
599 599 0.3418
600 600 0.2864
601 601 0.4522
602 602 0.2222
603 603 0.0233
604 604 0.7641
605 605 0.4819
606 606 0.4700
607 607 0.4993
608 608 0.7643
609 609 0.0424
610 610 0.8126
611 611 0.5913
612 612 0.0309
613 613 0.6017
614 614 0.6745
615 615 0.1922
616 616 0.7740
617 617 0.6779
618 618 0.5522
619 619 0.4502
620 620 0.7087
621 621 0.8350
622 622 0.8914
623 623 0.1952
624 624 0.3644
625 625 0.0065
626 626 0.6222
627 627 0.1231
628 628 0.5998
629 629 0.1743
630 630 0.0191
631 631 0.6767
632 632 0.3774
633 633 0.2367
634 634 0.7721
635 635 0.7018
636 636 0.7325
637 637 0.0770
638 638 0.0614
639 639 0.3626
640 640 0.4088
641 641 0.4474
642 642 0.2627
643 643 0.4609
644 644 0.3992
645 645 0.4151
646 646 0.4045
647 647 0.8403
648 648 0.1251
649 649 0.8821
650 650 0.0815
651 651 0.4984
652 652 0.2948
653 653 0.7192
654 654 0.5862
655 655 0.3997
656 656 0.2315
657 657 0.9343
658 658 0.1926
659 659 0.7949
660 660 0.6592
661 661 0.2204
662 662 0.5030
663 663 0.9074
664 664 0.7950
665 665 0.8761
666 666 0.1105
667 667 0.4166
668 668 0.5062
669 669 0.3590
670 670 0.0151
671 671 0.8119
672 672 0.1487
673 673 0.7979
674 674 0.6818
675 675 0.4447
676 676 0.3176
677 677 0.0280
678 678 0.5657
679 679 0.5974
680 680 0.3587
681 681 0.7998
682 682 0.2921
683 683 0.8464
684 684 0.0529
685 685 0.5789
686 686 0.7918
687 687 0.3236
688 688 0.3121
689 689 0.4976
690 690 0.8957
691 691 0.8170
692 692 0.2600
693 693 0.2249
694 694 0.7969
695 695 0.0404
696 696 0.8991
697 697 0.8542
698 698 0.1008
699 699 0.2944
700 700 0.0498
701 701 0.8944
702 702 0.7813
703 703 0.6658
704 704 0.8125
705 705 0.5465
706 706 0.7784
707 707 0.7062
708 708 0.8450
709 709 0.7701
710 710 0.4329
711 711 0.8911
712 712 0.1216
713 713 0.6162
714 714 0.3470
715 715 0.6191
716 716 0.7557
717 717 0.9555
718 718 0.6220
719 719 0.7368
720 720 0.5288
721 721 0.9787
722 722 0.6155
723 723 0.3115
724 724 0.3859
725 725 0.0189
726 726 0.4215
727 727 0.6828
728 728 0.2474
729 729 0.4017
730 730 0.7981
731 731 0.0871
732 732 0.2803
733 733 0.1205
734 734 0.8079
735 735 0.8731
736 736 0.5044
737 737 0.5332
738 738 0.2726
739 739 0.4943
740 740 0.7942
741 741 0.5979
742 742 0.2785
743 743 0.7174
744 744 0.4604
745 745 0.2917
746 746 0.8477
747 747 0.9982
748 748 0.9869
749 749 0.3172
750 750 0.4529
751 751 0.6403
752 752 0.2829
753 753 0.3617
754 754 0.5414
755 755 0.1592
756 756 0.0702
757 757 0.0374
758 758 0.4737
759 759 0.5907
760 760 0.4059
761 761 0.4771
762 762 0.4780
763 763 0.9779
764 764 0.1368
765 765 0.5143
766 766 0.0541
767 767 0.8663
768 768 0.3718
769 769 0.0165
770 770 0.1700
771 771 0.5218
772 772 0.6442
773 773 0.9755
774 774 0.4463
775 775 0.7652
776 776 0.4181
777 777 0.1899
778 778 0.7501
779 779 0.6557
780 780 0.3538
781 781 0.5577
782 782 0.0968
783 783 0.4801
784 784 0.5839
785 785 0.7619
786 786 0.5239
787 787 0.9736
788 788 0.3976
789 789 0.1076
790 790 0.5750
791 791 0.2540
792 792 0.7559
793 793 0.6293
794 794 0.3096
795 795 0.0360
796 796 0.0674
797 797 0.9354
798 798 0.6116
799 799 0.2802
800 800 0.6409
801 801 0.9822
802 802 0.5792
803 803 0.3725
804 804 0.6402
805 805 0.9774
806 806 0.4712
807 807 0.5120
808 808 0.6687
809 809 0.1346
810 810 0.8735
811 811 0.3947
812 812 0.5979
813 813 0.0329
814 814 0.0699
815 815 0.1100
816 816 0.4087
817 817 0.8842
818 818 0.1520
819 819 0.6557
820 820 0.4138
821 821 0.0907
822 822 0.6775
823 823 0.9634
824 824 0.7100
825 825 0.5316
826 826 0.9336
827 827 0.7532
828 828 0.7558
829 829 0.9136
830 830 0.3677
831 831 0.3972
832 832 0.4337
833 833 0.5241
834 834 0.6758
835 835 0.7065
836 836 0.5203
837 837 0.8563
838 838 0.4057
839 839 0.8501
840 840 0.2907
841 841 0.5061
842 842 0.8958
843 843 0.0263
844 844 0.7468
845 845 0.3183
846 846 0.5625
847 847 0.1173
848 848 0.2383
849 849 0.2179
850 850 0.3509
851 851 0.9475
852 852 0.1829
853 853 0.0110
854 854 0.3013
855 855 0.4441
856 856 0.5113
857 857 0.5842
858 858 0.4989
859 859 0.9350
860 860 0.7966
861 861 0.9569
862 862 0.9344
863 863 0.1742
864 864 0.2156
865 865 0.7698
866 866 0.3611
867 867 0.9377
868 868 0.9270
869 869 0.0430
870 870 0.1077
871 871 0.6632
872 872 0.3730
873 873 0.3865
874 874 0.8256
875 875 0.1205
876 876 0.3512
877 877 0.3228
878 878 0.7963
879 879 0.8555
880 880 0.4127
881 881 0.3888
882 882 0.6984
883 883 0.6152
884 884 0.3177
885 885 0.3284
886 886 0.2343
887 887 0.3234
888 888 0.5660
889 889 0.4386
890 890 0.4309
891 891 0.0915
892 892 0.3740
893 893 0.5630
894 894 0.9946
895 895 0.7272
896 896 0.6502
897 897 0.9665
898 898 0.8205
899 899 0.8695
900 900 0.8466
901 901 0.0774
902 902 0.7841
903 903 0.5400
904 904 0.4290
905 905 0.2224
906 906 0.4110
907 907 0.2803
908 908 0.5406
909 909 0.1762
910 910 0.4875
911 911 0.0366
912 912 0.2691
913 913 0.0139
914 914 0.3874
915 915 0.5441
916 916 0.5680
917 917 0.6551
918 918 0.5906
919 919 0.6989
920 920 0.0079
921 921 0.3103
922 922 0.7961
923 923 0.9824
924 924 0.9357
925 925 0.1724
926 926 0.5135
927 927 0.0191
928 928 0.8376
929 929 0.7538
930 930 0.9503
931 931 0.5120
932 932 0.0976
933 933 0.4657
934 934 0.5796
935 935 0.2758
936 936 0.6459
937 937 0.1887
938 938 0.6939
939 939 0.7595
940 940 0.9371
941 941 0.4024
942 942 0.2727
943 943 0.6707
944 944 0.7282
945 945 0.2125
946 946 0.7593
947 947 0.4409
948 948 0.0707
949 949 0.7560
950 950 0.0321
951 951 0.7841
952 952 0.5190
953 953 0.2963
954 954 0.1362
955 955 0.5207
956 956 0.2081
957 957 0.3238
958 958 0.6091
959 959 0.4656
960 960 0.2301
961 961 0.6362
962 962 0.6043
963 963 0.1907
964 964 0.2349
965 965 0.2957
966 966 0.5904
967 967 0.8163
968 968 0.9987
969 969 0.2135
970 970 0.0093
971 971 0.7729
972 972 0.8843
973 973 0.6684
974 974 0.1055
975 975 0.0008
976 976 0.5886
977 977 0.5392
978 978 0.9185
979 979 0.9838
980 980 0.6486
981 981 0.1776
982 982 0.9206
983 983 0.4989
984 984 0.6938
985 985 0.1646
986 986 0.7372
987 987 0.8689
988 988 0.3568
989 989 0.9388
990 990 0.1389
991 991 0.2344
992 992 0.8917
993 993 0.4400
994 994 0.2998
995 995 0.8538
996 996 0.6325
997 997 0.5970
998 998 0.7194
999 999 0.4077
1 0 0.4371
2 1 0.7553
3 2 0.0886
4 3 0.2326
5 4 0.0756
6 5 0.8409
7 6 0.9166
8 7 0.0305
9 8 0.1036
10 9 0.3793
11 10 0.3493
12 11 0.2734
13 12 0.6907
14 13 0.8965
15 14 0.4688
16 15 0.7016
17 16 0.3704
18 17 0.2261
19 18 0.0716
20 19 0.9388
21 20 0.4775
22 21 0.9865
23 22 0.9270
24 23 0.4870
25 24 0.9216
26 25 0.2066
27 26 0.2825
28 27 0.6233
29 28 0.7045
30 29 0.3659
31 30 0.6285
32 31 0.0518
33 32 0.4127
34 33 0.1557
35 34 0.4405
36 35 0.8089
37 36 0.4834
38 37 0.8780
39 38 0.3848
40 39 0.9642
41 40 0.1952
42 41 0.1701
43 42 0.2070
44 43 0.7588
45 44 0.0881
46 45 0.2780
47 46 0.0881
48 47 0.3028
49 48 0.7733
50 49 0.8897
51 50 0.8350
52 51 0.6451
53 52 0.6748
54 53 0.4288
55 54 0.5053
56 55 0.0821
57 56 0.0041
58 57 0.2577
59 58 0.1524
60 59 0.2057
61 60 0.4264
62 61 0.7960
63 62 0.0096
64 63 0.2589
65 64 0.5366
66 65 0.3462
67 66 0.0997
68 67 0.6728
69 68 0.4690
70 69 0.4014
71 70 0.9854
72 71 0.1316
73 72 0.1064
74 73 0.8600
75 74 0.9815
76 75 0.4575
77 76 0.3791
78 77 0.5921
79 78 0.6778
80 79 0.4111
81 80 0.3917
82 81 0.6795
83 82 0.3024
84 83 0.7452
85 84 0.1675
86 85 0.3013
87 86 0.7174
88 87 0.3907
89 88 0.8040
90 89 0.2254
91 90 0.3192
92 91 0.2898
93 92 0.3455
94 93 0.5850
95 94 0.1077
96 95 0.2772
97 96 0.7168
98 97 0.3261
99 98 0.8456
100 99 0.7133
101 100 0.4265
102 101 0.5838
103 102 0.3646
104 103 0.5047
105 104 0.3629
106 105 0.2856
107 106 0.0192
108 107 0.4751
109 108 0.1514
110 109 0.3502
111 110 0.8387
112 111 0.7744
113 112 0.0653
114 113 0.6830
115 114 0.7512
116 115 0.5640
117 116 0.1031
118 117 0.6539
119 118 0.1444
120 119 0.4168
121 120 0.8604
122 121 0.9601
123 122 0.1892
124 123 0.6993
125 124 0.9258
126 125 0.6088
127 126 0.1144
128 127 0.7777
129 128 0.8025
130 129 0.5333
131 130 0.1880
132 131 0.1834
133 132 0.4306
134 133 0.1472
135 134 0.8746
136 135 0.3172
137 136 0.3979
138 137 0.9265
139 138 0.8704
140 139 0.0478
141 140 0.1146
142 141 0.1530
143 142 0.0481
144 143 0.6412
145 144 0.8599
146 145 0.2002
147 146 0.2954
148 147 0.2292
149 148 0.9096
150 149 0.7817
151 150 0.0821
152 151 0.8671
153 152 0.4504
154 153 0.8879
155 154 0.1102
156 155 0.8491
157 156 0.9630
158 157 0.7047
159 158 0.4440
160 159 0.7503
161 160 0.7062
162 161 0.7842
163 162 0.0990
164 163 0.9090
165 164 0.9659
166 165 0.1439
167 166 0.1613
168 167 0.1648
169 168 0.4169
170 169 0.7287
171 170 0.3346
172 171 0.1956
173 172 0.7609
174 173 0.4102
175 174 0.5258
176 175 0.9479
177 176 0.1976
178 177 0.7142
179 178 0.2920
180 179 0.3563
181 180 0.1745
182 181 0.4451
183 182 0.9315
184 183 0.5053
185 184 0.1188
186 185 0.8636
187 186 0.7975
188 187 0.1117
189 188 0.0612
190 189 0.2188
191 190 0.7309
192 191 0.8518
193 192 0.2500
194 193 0.3790
195 194 0.4998
196 195 0.1787
197 196 0.3311
198 197 0.8423
199 198 0.5583
200 199 0.9720
201 200 0.8603
202 201 0.7515
203 202 0.7242
204 203 0.4422
205 204 0.3585
206 205 0.4211
207 206 0.8847
208 207 0.3292
209 208 0.1552
210 209 0.8214
211 210 0.4067
212 211 0.6270
213 212 0.2770
214 213 0.6409
215 214 0.6589
216 215 0.6352
217 216 0.0105
218 217 0.9114
219 218 0.4089
220 219 0.1553
221 220 0.8431
222 221 0.9115
223 222 0.3336
224 223 0.2373
225 224 0.0329
226 225 0.0640
227 226 0.7351
228 227 0.1230
229 228 0.4295
230 229 0.2232
231 230 0.9376
232 231 0.5643
233 232 0.7468
234 233 0.0878
235 234 0.6496
236 235 0.7818
237 236 0.2404
238 237 0.1767
239 238 0.0151
240 239 0.2640
241 240 0.9200
242 241 0.2418
243 242 0.1567
244 243 0.7461
245 244 0.7975
246 245 0.7731
247 246 0.9719
248 247 0.4041
249 248 0.3677
250 249 0.8121
251 250 0.2134
252 251 0.6864
253 252 0.1612
254 253 0.7556
255 254 0.5913
256 255 0.5217
257 256 0.6761
258 257 0.7576
259 258 0.8424
260 259 0.6324
261 260 0.0141
262 261 0.9838
263 262 0.5157
264 263 0.3880
265 264 0.1118
266 265 0.9116
267 266 0.3739
268 267 0.4876
269 268 0.6742
270 269 0.7300
271 270 0.7564
272 271 0.1909
273 272 0.2222
274 273 0.0747
275 274 0.1841
276 275 0.7466
277 276 0.2493
278 277 0.4665
279 278 0.0037
280 279 0.8284
281 280 0.6335
282 281 0.3879
283 282 0.9739
284 283 0.9694
285 284 0.6068
286 285 0.4518
287 286 0.6228
288 287 0.2039
289 288 0.4770
290 289 0.4142
291 290 0.7611
292 291 0.1350
293 292 0.0759
294 293 0.8831
295 294 0.0108
296 295 0.2773
297 296 0.0025
298 297 0.1580
299 298 0.9151
300 299 0.3837
301 300 0.3245
302 301 0.9195
303 302 0.0740
304 303 0.8977
305 304 0.2296
306 305 0.7103
307 306 0.0179
308 307 0.9025
309 308 0.0555
310 309 0.3556
311 310 0.0450
312 311 0.9319
313 312 0.9577
314 313 0.0013
315 314 0.4779
316 315 0.4824
317 316 0.6584
318 317 0.8338
319 318 0.2973
320 319 0.5048
321 320 0.4582
322 321 0.8608
323 322 0.6415
324 323 0.2255
325 324 0.1320
326 325 0.4415
327 326 0.3990
328 327 0.8201
329 328 0.7482
330 329 0.2368
331 330 0.2569
332 331 0.9732
333 332 0.1363
334 333 0.4069
335 334 0.7095
336 335 0.7435
337 336 0.8732
338 337 0.9734
339 338 0.2576
340 339 0.4905
341 340 0.6837
342 341 0.9640
343 342 0.8346
344 343 0.6468
345 344 0.8541
346 345 0.7727
347 346 0.7692
348 347 0.9092
349 348 0.8607
350 349 0.3474
351 350 0.1084
352 351 0.1029
353 352 0.4043
354 353 0.0199
355 354 0.5495
356 355 0.4637
357 356 0.4186
358 357 0.5448
359 358 0.5885
360 359 0.1890
361 360 0.3583
362 361 0.7571
363 362 0.2686
364 363 0.1735
365 364 0.9986
366 365 0.6029
367 366 0.0071
368 367 0.6040
369 368 0.4827
370 369 0.5969
371 370 0.2782
372 371 0.3720
373 372 0.5569
374 373 0.8930
375 374 0.4930
376 375 0.0759
377 376 0.1307
378 377 0.1201
379 378 0.8401
380 379 0.2191
381 380 0.0966
382 381 0.6453
383 382 0.4964
384 383 0.9657
385 384 0.8005
386 385 0.3412
387 386 0.4683
388 387 0.3093
389 388 0.6808
390 389 0.7235
391 390 0.7525
392 391 0.0933
393 392 0.6482
394 393 0.8661
395 394 0.6798
396 395 0.1909
397 396 0.7037
398 397 0.4712
399 398 0.9147
400 399 0.4951
401 400 0.2899
402 401 0.7814
403 402 0.7497
404 403 0.2094
405 404 0.6555
406 405 0.0802
407 406 0.2732
408 407 0.0313
409 408 0.8997
410 409 0.8160
411 410 0.5085
412 411 0.8996
413 412 0.6874
414 413 0.7976
415 414 0.6471
416 415 0.3808
417 416 0.9649
418 417 0.4849
419 418 0.4267
420 419 0.1689
421 420 0.9708
422 421 0.0369
423 422 0.1316
424 423 0.6326
425 424 0.7916
426 425 0.0476
427 426 0.7520
428 427 0.1221
429 428 0.0113
430 429 0.4253
431 430 0.2083
432 431 0.6097
433 432 0.6703
434 433 0.4835
435 434 0.5612
436 435 0.1902
437 436 0.2265
438 437 0.6215
439 438 0.0143
440 439 0.1582
441 440 0.5290
442 441 0.4705
443 442 0.3714
444 443 0.8698
445 444 0.0550
446 445 0.6495
447 446 0.1462
448 447 0.5895
449 448 0.8191
450 449 0.0155
451 450 0.2493
452 451 0.9746
453 452 0.7065
454 453 0.1343
455 454 0.8276
456 455 0.0708
457 456 0.6697
458 457 0.3416
459 458 0.6601
460 459 0.5472
461 460 0.9413
462 461 0.4055
463 462 0.9083
464 463 0.7228
465 464 0.9601
466 465 0.9997
467 466 0.2097
468 467 0.1963
469 468 0.8687
470 469 0.8957
471 470 0.0707
472 471 0.4655
473 472 0.5691
474 473 0.2788
475 474 0.4494
476 475 0.3873
477 476 0.0272
478 477 0.7956
479 478 0.1774
480 479 0.1738
481 480 0.2358
482 481 0.7681
483 482 0.5766
484 483 0.0831
485 484 0.1951
486 485 0.9638
487 486 0.9968
488 487 0.4292
489 488 0.3415
490 489 0.5773
491 490 0.7225
492 491 0.8762
493 492 0.6180
494 493 0.6063
495 494 0.2563
496 495 0.6998
497 496 0.4952
498 497 0.5792
499 498 0.4507
500 499 0.4805
501 500 0.0443
502 501 0.1687
503 502 0.7852
504 503 0.2904
505 504 0.2350
506 505 0.5410
507 506 0.4957
508 507 0.8879
509 508 0.5962
510 509 0.7984
511 510 0.0815
512 511 0.8094
513 512 0.1588
514 513 0.2323
515 514 0.7491
516 515 0.1505
517 516 0.3483
518 517 0.4651
519 518 0.9632
520 519 0.5786
521 520 0.8081
522 521 0.7295
523 522 0.1278
524 523 0.7886
525 524 0.8535
526 525 0.6594
527 526 0.2268
528 527 0.2731
529 528 0.1921
530 529 0.6530
531 530 0.2924
532 531 0.1710
533 532 0.3785
534 533 0.8346
535 534 0.4726
536 535 0.4895
537 536 0.5577
538 537 0.0975
539 538 0.8750
540 539 0.8593
541 540 0.5066
542 541 0.4410
543 542 0.7596
544 543 0.8275
545 544 0.3759
546 545 0.6239
547 546 0.3230
548 547 0.0978
549 548 0.5307
550 549 0.3149
551 550 0.8210
552 551 0.8476
553 552 0.4528
554 553 0.0056
555 554 0.4399
556 555 0.6047
557 556 0.1502
558 557 0.5970
559 558 0.9805
560 559 0.7029
561 560 0.4453
562 561 0.8003
563 562 0.4959
564 563 0.6091
565 564 0.2923
566 565 0.3315
567 566 0.9179
568 567 0.0197
569 568 0.0218
570 569 0.7376
571 570 0.1442
572 571 0.1856
573 572 0.7940
574 573 0.8429
575 574 0.0061
576 575 0.7412
577 576 0.7133
578 577 0.8850
579 578 0.5876
580 579 0.4837
581 580 0.1607
582 581 0.1783
583 582 0.8145
584 583 0.5962
585 584 0.2586
586 585 0.8060
587 586 0.5311
588 587 0.0678
589 588 0.2414
590 589 0.2155
591 590 0.8358
592 591 0.3636
593 592 0.2542
594 593 0.9845
595 594 0.6268
596 595 0.9609
597 596 0.9257
598 597 0.4840
599 598 0.5679
600 599 0.9114
601 600 0.5048
602 601 0.1263
603 602 0.7966
604 603 0.7750
605 604 0.2636
606 605 0.7720
607 606 0.6287
608 607 0.1327
609 608 0.4125
610 609 0.2981
611 610 0.3393
612 611 0.5107
613 612 0.3569
614 613 0.2728
615 614 0.5119
616 615 0.6349
617 616 0.6617
618 617 0.8081
619 618 0.8263
620 619 0.2900
621 620 0.8060
622 621 0.2342
623 622 0.5546
624 623 0.3512
625 624 0.4028
626 625 0.5703
627 626 0.7600
628 627 0.2821
629 628 0.3517
630 629 0.2115
631 630 0.5363
632 631 0.5850
633 632 0.8683
634 633 0.1613
635 634 0.3255
636 635 0.6920
637 636 0.8746
638 637 0.8542
639 638 0.4006
640 639 0.3189
641 640 0.9985
642 641 0.7821
643 642 0.9756
644 643 0.4294
645 644 0.1367
646 645 0.8920
647 646 0.8153
648 647 0.8715
649 648 0.3464
650 649 0.0028
651 650 0.3924
652 651 0.4891
653 652 0.2262
654 653 0.4811
655 654 0.5912
656 655 0.0997
657 656 0.6705
658 657 0.0796
659 658 0.1416
660 659 0.9432
661 660 0.6954
662 661 0.0370
663 662 0.1038
664 663 0.5874
665 664 0.3955
666 665 0.9196
667 666 0.6602
668 667 0.6524
669 668 0.9262
670 669 0.7750
671 670 0.2906
672 671 0.7766
673 672 0.6464
674 673 0.9544
675 674 0.4200
676 675 0.0342
677 676 0.3499
678 677 0.3235
679 678 0.8697
680 679 0.2659
681 680 0.0065
682 681 0.9981
683 682 0.7441
684 683 0.3927
685 684 0.8348
686 685 0.6185
687 686 0.9557
688 687 0.3421
689 688 0.5810
690 689 0.7247
691 690 0.0181
692 691 0.6130
693 692 0.5420
694 693 0.8971
695 694 0.4777
696 695 0.2497
697 696 0.3957
698 697 0.2816
699 698 0.5586
700 699 0.6137
701 700 0.4222
702 701 0.3550
703 702 0.5835
704 703 0.0565
705 704 0.3131
706 705 0.7203
707 706 0.5846
708 707 0.1484
709 708 0.6810
710 709 0.6087
711 710 0.5906
712 711 0.9431
713 712 0.5778
714 713 0.9643
715 714 0.0957
716 715 0.2927
717 716 0.8284
718 717 0.7139
719 718 0.7441
720 719 0.9097
721 720 0.1338
722 721 0.9746
723 722 0.7882
724 723 0.5641
725 724 0.1235
726 725 0.9707
727 726 0.8701
728 727 0.6014
729 728 0.7875
730 729 0.0639
731 730 0.4924
732 731 0.8205
733 732 0.2618
734 733 0.8531
735 734 0.4231
736 735 0.1195
737 736 0.8215
738 737 0.8894
739 738 0.1000
740 739 0.8872
741 740 0.0038
742 741 0.1339
743 742 0.6057
744 743 0.0723
745 744 0.5421
746 745 0.0350
747 746 0.7112
748 747 0.1272
749 748 0.3734
750 749 0.8678
751 750 0.3627
752 751 0.9783
753 752 0.2310
754 753 0.6166
755 754 0.7927
756 755 0.6702
757 756 0.6194
758 757 0.2589
759 758 0.1055
760 759 0.5944
761 760 0.6779
762 761 0.3213
763 762 0.9851
764 763 0.1032
765 764 0.6192
766 765 0.8956
767 766 0.5023
768 767 0.0438
769 768 0.4032
770 769 0.5509
771 770 0.9396
772 771 0.7705
773 772 0.6519
774 773 0.2322
775 774 0.4938
776 775 0.9059
777 776 0.4522
778 777 0.8630
779 778 0.4139
780 779 0.0008
781 780 0.1442
782 781 0.3365
783 782 0.6095
784 783 0.8274
785 784 0.0837
786 785 0.1162
787 786 0.6974
788 787 0.0200
789 788 0.2749
790 789 0.6223
791 790 0.2114
792 791 0.6497
793 792 0.4001
794 793 0.1571
795 794 0.8294
796 795 0.4293
797 796 0.2547
798 797 0.7309
799 798 0.4207
800 799 0.2439
801 800 0.0499
802 801 0.5730
803 802 0.6978
804 803 0.2249
805 804 0.8188
806 805 0.9408
807 806 0.7840
808 807 0.0568
809 808 0.1872
810 809 0.3986
811 810 0.8548
812 811 0.3674
813 812 0.8231
814 813 0.4664
815 814 0.8382
816 815 0.1964
817 816 0.6216
818 817 0.4645
819 818 0.8576
820 819 0.4102
821 820 0.1812
822 821 0.6672
823 822 0.2737
824 823 0.1167
825 824 0.5854
826 825 0.0607
827 826 0.2183
828 827 0.8537
829 828 0.0274
830 829 0.9949
831 830 0.2353
832 831 0.7559
833 832 0.2726
834 833 0.1748
835 834 0.9045
836 835 0.9038
837 836 0.0269
838 837 0.4542
839 838 0.3076
840 839 0.8755
841 840 0.9019
842 841 0.6497
843 842 0.4815
844 843 0.9327
845 844 0.9236
846 845 0.5738
847 846 0.0493
848 847 0.9207
849 848 0.4795
850 849 0.4357
851 850 0.0048
852 851 0.3917
853 852 0.4494
854 853 0.4082
855 854 0.6515
856 855 0.1206
857 856 0.1453
858 857 0.6369
859 858 0.2049
860 859 0.2131
861 860 0.8273
862 861 0.6455
863 862 0.8588
864 863 0.6175
865 864 0.0119
866 865 0.4641
867 866 0.6884
868 867 0.1195
869 868 0.2739
870 869 0.8310
871 870 0.2821
872 871 0.5663
873 872 0.3784
874 873 0.3491
875 874 0.1721
876 875 0.3756
877 876 0.7301
878 877 0.6579
879 878 0.7875
880 879 0.4232
881 880 0.6602
882 881 0.4595
883 882 0.6776
884 883 0.9304
885 884 0.5485
886 885 0.3592
887 886 0.2583
888 887 0.4754
889 888 0.0785
890 889 0.1175
891 890 0.4701
892 891 0.7618
893 892 0.6539
894 893 0.8310
895 894 0.8736
896 895 0.7157
897 896 0.7771
898 897 0.1147
899 898 0.4728
900 899 0.2878
901 900 0.5379
902 901 0.5916
903 902 0.1587
904 903 0.3275
905 904 0.3860
906 905 0.6229
907 906 0.4683
908 907 0.0841
909 908 0.7565
910 909 0.4731
911 910 0.1448
912 911 0.2081
913 912 0.0534
914 913 0.2387
915 914 0.7027
916 915 0.3521
917 916 0.8401
918 917 0.4266
919 918 0.0697
920 919 0.0235
921 920 0.5616
922 921 0.9601
923 922 0.1123
924 923 0.3394
925 924 0.3860
926 925 0.0301
927 926 0.3847
928 927 0.8604
929 928 0.5041
930 929 0.8054
931 930 0.5688
932 931 0.6624
933 932 0.2253
934 933 0.3123
935 934 0.0851
936 935 0.4656
937 936 0.2357
938 937 0.1073
939 938 0.0366
940 939 0.3601
941 940 0.4143
942 941 0.1271
943 942 0.6934
944 943 0.5534
945 944 0.1044
946 945 0.3279
947 946 0.4524
948 947 0.8116
949 948 0.7574
950 949 0.0626
951 950 0.3646
952 951 0.6695
953 952 0.3743
954 953 0.6921
955 954 0.5224
956 955 0.2797
957 956 0.7683
958 957 0.2279
959 958 0.5367
960 959 0.8745
961 960 0.0173
962 961 0.4886
963 962 0.9638
964 963 0.3799
965 964 0.0991
966 965 0.7057
967 966 0.6088
968 967 0.8468
969 968 0.5595
970 969 0.4604
971 970 0.0725
972 971 0.8763
973 972 0.6771
974 973 0.0262
975 974 0.6376
976 975 0.0834
977 976 0.6031
978 977 0.4939
979 978 0.3928
980 979 0.8032
981 980 0.9124
982 981 0.9239
983 982 0.4321
984 983 0.1755
985 984 0.6230
986 985 0.6961
987 986 0.3061
988 987 0.0947
989 988 0.8564
990 989 0.6916
991 990 0.8973
992 991 0.6752
993 992 0.2973
994 993 0.1865
995 994 0.7943
996 995 0.5663
997 996 0.2259
998 997 0.0519
999 998 0.2111
0 1 0.9889
1 2 0.2406
2 3 0.6287
3 4 0.7902
4 5 0.7785
5 6 0.8431
6 7 0.8449
7 8 0.9050
8 9 0.6538
9 10 0.9236
10 11 0.5618
11 12 0.4778
12 13 0.0188
13 14 0.5365
14 15 0.9207
15 16 0.2610
16 17 0.8924
17 18 0.6288
18 19 0.2273
19 20 0.2475
20 21 0.3334
21 22 0.3117
22 23 0.1649
23 24 0.1413
24 25 0.4805
25 26 0.6755
26 27 0.8259
27 28 0.3330
28 29 0.7211
29 30 0.5536
30 31 0.1538
31 32 0.3981
32 33 0.7991
33 34 0.8474
34 35 0.0354
35 36 0.7478
36 37 0.1548
37 38 0.6475
38 39 0.1550
39 40 0.9887
40 41 0.2052
41 42 0.8139
42 43 0.8174
43 44 0.4997
44 45 0.9716
45 46 0.6554
46 47 0.0187
47 48 0.4375
48 49 0.5962
49 50 0.4230
50 51 0.9000
51 52 0.9907
52 53 0.6336
53 54 0.3980
54 55 0.3682
55 56 0.5307
56 57 0.3654
57 58 0.6241
58 59 0.6920
59 60 0.2733
60 61 0.0256
61 62 0.2973
62 63 0.7009
63 64 0.7548
64 65 0.4839
65 66 0.8348
66 67 0.5299
67 68 0.1093
68 69 0.3917
69 70 0.1438
70 71 0.0880
71 72 0.4132
72 73 0.7718
73 74 0.7013
74 75 0.6620
75 76 0.5258
76 77 0.8333
77 78 0.1224
78 79 0.7355
79 80 0.3399
80 81 0.3353
81 82 0.2762
82 83 0.3783
83 84 0.8559
84 85 0.7427
85 86 0.8154
86 87 0.6511
87 88 0.2463
88 89 0.5115
89 90 0.3486
90 91 0.4413
91 92 0.1861
92 93 0.5340
93 94 0.5243
94 95 0.7361
95 96 0.8171
96 97 0.9754
97 98 0.2842
98 99 0.5013
99 100 0.2323
100 101 0.3576
101 102 0.0595
102 103 0.1152
103 104 0.3140
104 105 0.3330
105 106 0.2514
106 107 0.9769
107 108 0.5466
108 109 0.1388
109 110 0.6495
110 111 0.6284
111 112 0.7889
112 113 0.9870
113 114 0.8254
114 115 0.1729
115 116 0.9614
116 117 0.8188
117 118 0.0225
118 119 0.0704
119 120 0.5524
120 121 0.5543
121 122 0.2571
122 123 0.8823
123 124 0.5623
124 125 0.6157
125 126 0.7742
126 127 0.7848
127 128 0.5600
128 129 0.8149
129 130 0.6335
130 131 0.2086
131 132 0.1029
132 133 0.5224
133 134 0.2943
134 135 0.2314
135 136 0.1224
136 137 0.8157
137 138 0.7693
138 139 0.9194
139 140 0.8033
140 141 0.7689
141 142 0.1038
142 143 0.9167
143 144 0.4013
144 145 0.9817
145 146 0.0220
146 147 0.1596
147 148 0.1906
148 149 0.9190
149 150 0.8173
150 151 0.4398
151 152 0.3696
152 153 0.8041
153 154 0.4620
154 155 0.2907
155 156 0.6979
156 157 0.1277
157 158 0.3255
158 159 0.1431
159 160 0.3062
160 161 0.9297
161 162 0.5308
162 163 0.2710
163 164 0.3628
164 165 0.5380
165 166 0.7935
166 167 0.5409
167 168 0.0175
168 169 0.1130
169 170 0.1196
170 171 0.2308
171 172 0.4903
172 173 0.0900
173 174 0.7979
174 175 0.8710
175 176 0.8692
176 177 0.7482
177 178 0.2124
178 179 0.9763
179 180 0.4962
180 181 0.7838
181 182 0.3349
182 183 0.6408
183 184 0.6354
184 185 0.0524
185 186 0.1058
186 187 0.0472
187 188 0.2210
188 189 0.4799
189 190 0.8335
190 191 0.9925
191 192 0.4378
192 193 0.0945
193 194 0.2514
194 195 0.4038
195 196 0.0483
196 197 0.6581
197 198 0.4302
198 199 0.9803
199 200 0.7864
200 201 0.1701
201 202 0.0294
202 203 0.5571
203 204 0.0259
204 205 0.1989
205 206 0.4240
206 207 0.2035
207 208 0.2603
208 209 0.4455
209 210 0.9590
210 211 0.7163
211 212 0.3448
212 213 0.8328
213 214 0.9208
214 215 0.4729
215 216 0.6116
216 217 0.0816
217 218 0.8875
218 219 0.9386
219 220 0.9903
220 221 0.5745
221 222 0.9886
222 223 0.3838
223 224 0.8429
224 225 0.6616
225 226 0.2134
226 227 0.8137
227 228 0.6977
228 229 0.4155
229 230 0.1691
230 231 0.6531
231 232 0.5301
232 233 0.9669
233 234 0.7360
234 235 0.8848
235 236 0.0576
236 237 0.6559
237 238 0.9881
238 239 0.5036
239 240 0.3051
240 241 0.1675
241 242 0.5590
242 243 0.0789
243 244 0.1342
244 245 0.6104
245 246 0.6976
246 247 0.9246
247 248 0.0159
248 249 0.5031
249 250 0.3441
250 251 0.7250
251 252 0.1847
252 253 0.5147
253 254 0.3380
254 255 0.3201
255 256 0.4121
256 257 0.0293
257 258 0.1750
258 259 0.4292
259 260 0.8664
260 261 0.7679
261 262 0.4444
262 263 0.6773
263 264 0.8636
264 265 0.6396
265 266 0.9560
266 267 0.2896
267 268 0.0397
268 269 0.1572
269 270 0.2044
270 271 0.6198
271 272 0.2895
272 273 0.4286
273 274 0.5161
274 275 0.9177
275 276 0.8996
276 277 0.3113
277 278 0.5513
278 279 0.7841
279 280 0.7901
280 281 0.9874
281 282 0.6201
282 283 0.2042
283 284 0.2657
284 285 0.2027
285 286 0.3390
286 287 0.1814
287 288 0.1843
288 289 0.6867
289 290 0.8276
290 291 0.4016
291 292 0.4952
292 293 0.8665
293 294 0.9994
294 295 0.4910
295 296 0.1555
296 297 0.1551
297 298 0.5276
298 299 0.6911
299 300 0.2471
300 301 0.7170
301 302 0.7656
302 303 0.2273
303 304 0.0637
304 305 0.3626
305 306 0.9890
306 307 0.2621
307 308 0.7402
308 309 0.8144
309 310 0.3793
310 311 0.3936
311 312 0.3363
312 313 0.5647
313 314 0.6026
314 315 0.5339
315 316 0.1385
316 317 0.8386
317 318 0.9878
318 319 0.8171
319 320 0.2218
320 321 1.0000
321 322 0.7292
322 323 0.2171
323 324 0.9290
324 325 0.4705
325 326 0.6612
326 327 0.1316
327 328 0.8467
328 329 0.7289
329 330 0.7926
330 331 0.1641
331 332 0.2813
332 333 0.2159
333 334 0.1875
334 335 0.3218
335 336 0.7737
336 337 0.6704
337 338 0.2903
338 339 0.5123
339 340 0.3178
340 341 0.2683
341 342 0.6544
342 343 0.5940
343 344 0.5289
344 345 0.0529
345 346 0.6055
346 347 0.0291
347 348 0.6626
348 349 0.9831
349 350 0.1927
350 351 0.4635
351 352 0.2939
352 353 0.6375
353 354 0.5954
354 355 0.9997
355 356 0.6788
356 357 0.0436
357 358 0.5331
358 359 0.4363
359 360 0.8482
360 361 0.0581
361 362 0.1923
362 363 0.8981
363 364 0.1102
364 365 0.1928
365 366 0.6827
366 367 0.1227
367 368 0.5582
368 369 0.6561
369 370 0.1399
370 371 0.2014
371 372 0.6201
372 373 0.2926
373 374 0.1240
374 375 0.8933
375 376 0.2785
376 377 0.1839
377 378 0.6231
378 379 0.4822
379 380 0.8972
380 381 0.2090
381 382 0.3251
382 383 0.8864
383 384 0.6942
384 385 0.4241
385 386 0.2697
386 387 0.2032
387 388 0.4978
388 389 0.9426
389 390 0.4079
390 391 0.6121
391 392 0.5221
392 393 0.3882
393 394 0.8947
394 395 0.7894
395 396 0.5571
396 397 0.9147
397 398 0.9477
398 399 0.8233
399 400 0.5485
400 401 0.9026
401 402 0.3745
402 403 0.1457
403 404 0.6996
404 405 0.7960
405 406 0.1484
406 407 0.5897
407 408 0.2119
408 409 0.6521
409 410 0.1142
410 411 0.7024
411 412 0.9084
412 413 0.5957
413 414 0.0650
414 415 0.5668
415 416 0.5852
416 417 0.8713
417 418 0.2630
418 419 0.2781
419 420 0.2818
420 421 0.1909
421 422 0.2225
422 423 0.1037
423 424 0.3566
424 425 0.9113
425 426 0.3903
426 427 0.5718
427 428 0.5904
428 429 0.5197
429 430 0.6697
430 431 0.3400
431 432 0.6314
432 433 0.1816
433 434 0.1885
434 435 0.9504
435 436 0.3598
436 437 0.2055
437 438 0.5298
438 439 0.2297
439 440 0.2599
440 441 0.6335
441 442 0.0612
442 443 0.2550
443 444 0.0984
444 445 0.8371
445 446 0.6023
446 447 0.3669
447 448 0.3344
448 449 0.5361
449 450 0.0636
450 451 0.2419
451 452 0.3850
452 453 0.9016
453 454 0.5332
454 455 0.3341
455 456 0.7795
456 457 0.6509
457 458 0.1016
458 459 0.3267
459 460 0.8629
460 461 0.5510
461 462 0.5573
462 463 0.7256
463 464 0.0271
464 465 0.2136
465 466 0.4899
466 467 0.2167
467 468 0.7042
468 469 0.0819
469 470 0.4578
470 471 0.8967
471 472 0.3893
472 473 0.9839
473 474 0.4063
474 475 0.9699
475 476 0.9317
476 477 0.2300
477 478 0.3648
478 479 0.5380
479 480 0.1117
480 481 0.0683
481 482 0.9340
482 483 0.9907
483 484 0.4976
484 485 0.0017
485 486 0.4986
486 487 0.4651
487 488 0.4367
488 489 0.3700
489 490 0.8701
490 491 0.4002
491 492 0.5459
492 493 0.6469
493 494 0.8541
494 495 0.5253
495 496 0.5923
496 497 0.0433
497 498 0.7523
498 499 0.3245
499 500 0.5212
500 501 0.6871
501 502 0.2765
502 503 0.4246
503 504 0.2907
504 505 0.7314
505 506 0.3861
506 507 0.4595
507 508 0.0619
508 509 0.8441
509 510 0.7115
510 511 0.5212
511 512 0.7776
512 513 0.0981
513 514 0.3025
514 515 0.5641
515 516 0.9599
516 517 0.0516
517 518 0.0636
518 519 0.4836
519 520 0.5185
520 521 0.6235
521 522 0.8892
522 523 0.3891
523 524 0.4074
524 525 0.8757
525 526 0.2745
526 527 0.6301
527 528 0.0001
528 529 0.4003
529 530 0.6870
530 531 0.4519
531 532 0.4834
532 533 0.7097
533 534 0.0026
534 535 0.6042
535 536 0.6994
536 537 0.4579
537 538 0.2977
538 539 0.1265
539 540 0.9205
540 541 0.9137
541 542 0.5266
542 543 0.3352
543 544 0.3684
544 545 0.1447
545 546 0.9263
546 547 0.3836
547 548 0.5448
548 549 0.8500
549 550 0.0736
550 551 0.0520
551 552 0.8685
552 553 0.8182
553 554 0.8918
554 555 0.8246
555 556 0.0432
556 557 0.2362
557 558 0.0997
558 559 0.3943
559 560 0.1118
560 561 0.3383
561 562 0.6088
562 563 0.4032
563 564 0.6281
564 565 0.5908
565 566 0.1036
566 567 0.6545
567 568 0.8573
568 569 0.3908
569 570 0.3476
570 571 0.7006
571 572 0.6507
572 573 0.8069
573 574 0.4564
574 575 0.9362
575 576 0.6673
576 577 0.2620
577 578 0.4836
578 579 0.2439
579 580 0.9991
580 581 0.1562
581 582 0.1500
582 583 0.5181
583 584 0.0012
584 585 0.6863
585 586 0.7629
586 587 0.7885
587 588 0.7916
588 589 0.5977
589 590 0.2296
590 591 0.9301
591 592 0.3427
592 593 0.4662
593 594 0.7411
594 595 0.7996
595 596 0.0227
596 597 0.3332
597 598 0.7144
598 599 0.8286
599 600 0.1308
600 601 0.3041
601 602 0.0442
602 603 0.0572
603 604 0.0714
604 605 0.0308
605 606 0.7059
606 607 0.5950
607 608 0.0652
608 609 0.8517
609 610 0.0203
610 611 0.2039
611 612 0.1738
612 613 0.2913
613 614 0.5602
614 615 0.3820
615 616 0.1546
616 617 0.8148
617 618 0.8057
618 619 0.5491
619 620 0.8413
620 621 0.2075
621 622 0.9183
622 623 0.9667
623 624 0.6235
624 625 0.3538
625 626 0.9952
626 627 0.7272
627 628 0.4843
628 629 0.9665
629 630 0.5654
630 631 0.1741
631 632 0.2520
632 633 0.5449
633 634 0.1946
634 635 0.4316
635 636 0.3102
636 637 0.6314
637 638 0.6685
638 639 0.8507
639 640 0.7839
640 641 0.3807
641 642 0.4867
642 643 0.1004
643 644 0.0254
644 645 0.5062
645 646 0.8366
646 647 0.3132
647 648 0.2894
648 649 0.7331
649 650 0.9864
650 651 0.3826
651 652 0.9678
652 653 0.4819
653 654 0.6679
654 655 0.0132
655 656 0.0163
656 657 0.8675
657 658 0.0055
658 659 0.3887
659 660 0.4366
660 661 0.5562
661 662 0.8566
662 663 0.5144
663 664 0.6271
664 665 0.4884
665 666 0.6428
666 667 0.2700
667 668 0.1992
668 669 0.0694
669 670 0.0360
670 671 0.8400
671 672 0.0241
672 673 0.7376
673 674 0.8410
674 675 0.0735
675 676 0.6797
676 677 0.9831
677 678 0.5117
678 679 0.8800
679 680 0.3302
680 681 0.3338
681 682 0.4167
682 683 0.4179
683 684 0.0537
684 685 0.0592
685 686 0.0313
686 687 0.1557
687 688 0.6185
688 689 0.9593
689 690 0.7992
690 691 0.9878
691 692 0.8312
692 693 0.1958
693 694 0.9850
694 695 0.3062
695 696 0.0653
696 697 0.0832
697 698 0.0270
698 699 0.5147
699 700 0.9950
700 701 0.5058
701 702 0.5365
702 703 0.1085
703 704 0.9526
704 705 0.8387
705 706 0.1521
706 707 0.2627
707 708 0.6722
708 709 0.0561
709 710 0.9956
710 711 0.3613
711 712 0.8764
712 713 0.7355
713 714 0.1039
714 715 0.5719
715 716 0.7978
716 717 0.2726
717 718 0.5342
718 719 0.7945
719 720 0.5002
720 721 0.4559
721 722 0.3393
722 723 0.2237
723 724 0.3816
724 725 0.1430
725 726 0.9663
726 727 0.9913
727 728 0.5518
728 729 0.3942
729 730 0.0504
730 731 0.1694
731 732 0.1660
732 733 0.1974
733 734 0.1702
734 735 0.5961
735 736 0.2776
736 737 0.6181
737 738 0.1007
738 739 0.5773
739 740 0.8234
740 741 0.0927
741 742 0.5618
742 743 0.9929
743 744 0.6755
744 745 0.9359
745 746 0.2850
746 747 0.3828
747 748 0.8573
748 749 0.8311
749 750 0.4990
750 751 0.4404
751 752 0.4137
752 753 0.7848
753 754 0.5683
754 755 0.4335
755 756 0.5097
756 757 0.9263
757 758 0.3989
758 759 0.3947
759 760 0.8744
760 761 0.7372
761 762 0.2688
762 763 0.3901
763 764 0.0947
764 765 0.3273
765 766 0.8392
766 767 0.7234
767 768 0.5139
768 769 0.2821
769 770 0.8284
770 771 0.2843
771 772 0.5814
772 773 0.4097
773 774 0.5217
774 775 0.5855
775 776 0.0152
776 777 0.2303
777 778 0.5352
778 779 0.7138
779 780 0.3113
780 781 0.5370
781 782 0.4684
782 783 0.1568
783 784 0.2374
784 785 0.2068
785 786 0.9265
786 787 0.5922
787 788 0.1066
788 789 0.7067
789 790 0.3181
790 791 0.2007
791 792 0.1813
792 793 0.1211
793 794 0.2291
794 795 0.1768
795 796 0.6973
796 797 0.9716
797 798 0.0140
798 799 0.7483
799 800 0.4238
800 801 0.6974
801 802 0.2677
802 803 0.6031
803 804 0.3378
804 805 0.9860
805 806 0.1420
806 807 0.1167
807 808 0.0982
808 809 0.9197
809 810 0.3507
810 811 0.8406
811 812 0.5347
812 813 0.8574
813 814 0.6802
814 815 0.3794
815 816 0.4505
816 817 0.3227
817 818 0.4289
818 819 0.2893
819 820 0.4124
820 821 0.2167
821 822 0.6074
822 823 0.4368
823 824 0.0343
824 825 0.9522
825 826 0.4203
826 827 0.2350
827 828 0.2171
828 829 0.7809
829 830 0.2202
830 831 0.3942
831 832 0.9226
832 833 0.8031
833 834 0.7365
834 835 0.3082
835 836 0.3518
836 837 0.5157
837 838 0.7726
838 839 0.8376
839 840 0.8762
840 841 0.2337
841 842 0.7547
842 843 0.2480
843 844 0.7195
844 845 0.5324
845 846 0.7395
846 847 0.1122
847 848 0.8791
848 849 0.3008
849 850 0.0868
850 851 0.7607
851 852 0.7069
852 853 0.9217
853 854 0.1580
854 855 0.1359
855 856 0.6415
856 857 0.7606
857 858 0.9472
858 859 0.9838
859 860 0.8364
860 861 0.2427
861 862 0.9406
862 863 0.0233
863 864 0.1089
864 865 0.9818
865 866 0.4362
866 867 0.9439
867 868 0.3369
868 869 0.5543
869 870 0.7286
870 871 0.4337
871 872 0.5476
872 873 0.0011
873 874 0.9433
874 875 0.1552
875 876 0.8792
876 877 0.1793
877 878 0.1868
878 879 0.5967
879 880 0.1250
880 881 0.7694
881 882 0.2465
882 883 0.7080
883 884 0.9543
884 885 0.7133
885 886 0.4090
886 887 0.3310
887 888 0.0961
888 889 0.5961
889 890 0.2233
890 891 0.9905
891 892 0.8967
892 893 0.7749
893 894 0.0159
894 895 0.8633
895 896 0.9343
896 897 0.4038
897 898 0.8488
898 899 0.2606
899 900 0.7211
900 901 0.9306
901 902 0.4251
902 903 0.4234
903 904 0.1791
904 905 0.1308
905 906 0.4869
906 907 0.2358
907 908 0.0176
908 909 0.5225
909 910 0.7548
910 911 0.0496
911 912 0.7794
912 913 0.2463
913 914 0.5245
914 915 0.8004
915 916 0.6114
916 917 0.7232
917 918 0.3879
918 919 0.5297
919 920 0.1308
920 921 0.8526
921 922 0.1320
922 923 0.4872
923 924 0.3408
924 925 0.9645
925 926 0.2070
926 927 0.9636
927 928 0.2636
928 929 0.2005
929 930 0.3953
930 931 0.8594
931 932 0.3586
932 933 0.1891
933 934 0.8871
934 935 0.5449
935 936 0.3500
936 937 0.4439
937 938 0.5792
938 939 0.2328
939 940 0.4453
940 941 0.0612
941 942 0.1790
942 943 0.1482
943 944 0.9570
944 945 0.7718
945 946 0.6849
946 947 0.2218
947 948 0.5119
948 949 0.8105
949 950 0.8253
950 951 0.9306
951 952 0.9966
952 953 0.1468
953 954 0.9116
954 955 0.0291
955 956 0.5582
956 957 0.6762
957 958 0.9677
958 959 0.2219
959 960 0.3073
960 961 0.7394
961 962 0.0065
962 963 0.5352
963 964 0.2348
964 965 0.8617
965 966 0.9954
966 967 0.7536
967 968 0.4583
968 969 0.8745
969 970 0.3894
970 971 0.1081
971 972 0.4585
972 973 0.6037
973 974 0.3603
974 975 0.9518
975 976 0.4811
976 977 0.3240
977 978 0.0341
978 979 0.6596
979 980 0.9778
980 981 0.9383
981 982 0.8024
982 983 0.3362
983 984 0.9308
984 985 0.0105
985 986 0.3173
986 987 0.2415
987 988 0.3426
988 989 0.8374
989 990 0.6650
990 991 0.4028
991 992 0.9952
992 993 0.1238
993 994 0.8255
994 995 0.9741
995 996 0.4640
996 997 0.5447
997 998 0.3292
998 999 0.1018
