1000 1000 2998
0 0 2.00
1 1 2.00
2 2 2.00
3 3 2.00
4 4 2.00
5 5 2.00
6 6 2.00
7 7 2.00
8 8 2.00
9 9 2.00
10 10 2.00
11 11 2.00
12 12 2.00
13 13 2.00
14 14 2.00
15 15 2.00
16 16 2.00
17 17 2.00
18 18 2.00
19 19 2.00
20 20 2.00
21 21 2.00
22 22 2.00
23 23 2.00
24 24 2.00
25 25 2.00
26 26 2.00
27 27 2.00
28 28 2.00
29 29 2.00
30 30 2.00
31 31 2.00
32 32 2.00
33 33 2.00
34 34 2.00
35 35 2.00
36 36 2.00
37 37 2.00
38 38 2.00
39 39 2.00
40 40 2.00
41 41 2.00
42 42 2.00
43 43 2.00
44 44 2.00
45 45 2.00
46 46 2.00
47 47 2.00
48 48 2.00
49 49 2.00
50 50 2.00
51 51 2.00
52 52 2.00
53 53 2.00
54 54 2.00
55 55 2.00
56 56 2.00
57 57 2.00
58 58 2.00
59 59 2.00
60 60 2.00
61 61 2.00
62 62 2.00
63 63 2.00
64 64 2.00
65 65 2.00
66 66 2.00
67 67 2.00
68 68 2.00
69 69 2.00
70 70 2.00
71 71 2.00
72 72 2.00
73 73 2.00
74 74 2.00
75 75 2.00
76 76 2.00
77 77 2.00
78 78 2.00
79 79 2.00
80 80 2.00
81 81 2.00
82 82 2.00
83 83 2.00
84 84 2.00
85 85 2.00
86 86 2.00
87 87 2.00
88 88 2.00
89 89 2.00
90 90 2.00
91 91 2.00
92 92 2.00
93 93 2.00
94 94 2.00
95 95 2.00
96 96 2.00
97 97 2.00
98 98 2.00
99 99 2.00
100 100 2.00
101 101 2.00
102 102 2.00
103 103 2.00
104 104 2.00
105 105 2.00
106 106 2.00
107 107 2.00
108 108 2.00
109 109 2.00
110 110 2.00
111 111 2.00
112 112 2.00
113 113 2.00
114 114 2.00
115 115 2.00
116 116 2.00
117 117 2.00
118 118 2.00
119 119 2.00
120 120 2.00
121 121 2.00
122 122 2.00
123 123 2.00
124 124 2.00
125 125 2.00
126 126 2.00
127 127 2.00
128 128 2.00
129 129 2.00
130 130 2.00
131 131 2.00
132 132 2.00
133 133 2.00
134 134 2.00
135 135 2.00
136 136 2.00
137 137 2.00
138 138 2.00
139 139 2.00
140 140 2.00
141 141 2.00
142 142 2.00
143 143 2.00
144 144 2.00
145 145 2.00
146 146 2.00
147 147 2.00
148 148 2.00
149 149 2.00
150 150 2.00
151 151 2.00
152 152 2.00
153 153 2.00
154 154 2.00
155 155 2.00
156 156 2.00
157 157 2.00
158 158 2.00
159 159 2.00
160 160 2.00
161 161 2.00
162 162 2.00
163 163 2.00
164 164 2.00
165 165 2.00
166 166 2.00
167 167 2.00
168 168 2.00
169 169 2.00
170 170 2.00
171 171 2.00
172 172 2.00
173 173 2.00
174 174 2.00
175 175 2.00
176 176 2.00
177 177 2.00
178 178 2.00
179 179 2.00
180 180 2.00
181 181 2.00
182 182 2.00
183 183 2.00
184 184 2.00
185 185 2.00
186 186 2.00
187 187 2.00
188 188 2.00
189 189 2.00
190 190 2.00
191 191 2.00
192 192 2.00
193 193 2.00
194 194 2.00
195 195 2.00
196 196 2.00
197 197 2.00
198 198 2.00
199 199 2.00
200 200 2.00
201 201 2.00
202 202 2.00
203 203 2.00
204 204 2.00
205 205 2.00
206 206 2.00
207 207 2.00
208 208 2.00
209 209 2.00
210 210 2.00
211 211 2.00
212 212 2.00
213 213 2.00
214 214 2.00
215 215 2.00
216 216 2.00
217 217 2.00
218 218 2.00
219 219 2.00
220 220 2.00
221 221 2.00
222 222 2.00
223 223 2.00
224 224 2.00
225 225 2.00
226 226 2.00
227 227 2.00
228 228 2.00
229 229 2.00
230 230 2.00
231 231 2.00
232 232 2.00
233 233 2.00
234 234 2.00
235 235 2.00
236 236 2.00
237 237 2.00
238 238 2.00
239 239 2.00
240 240 2.00
241 241 2.00
242 242 2.00
243 243 2.00
244 244 2.00
245 245 2.00
246 246 2.00
247 247 2.00
248 248 2.00
249 249 2.00
250 250 2.00
251 251 2.00
252 252 2.00
253 253 2.00
254 254 2.00
255 255 2.00
256 256 2.00
257 257 2.00
258 258 2.00
259 259 2.00
260 260 2.00
261 261 2.00
262 262 2.00
263 263 2.00
264 264 2.00
265 265 2.00
266 266 2.00
267 267 2.00
268 268 2.00
269 269 2.00
270 270 2.00
271 271 2.00
272 272 2.00
273 273 2.00
274 274 2.00
275 275 2.00
276 276 2.00
277 277 2.00
278 278 2.00
279 279 2.00
280 280 2.00
281 281 2.00
282 282 2.00
283 283 2.00
284 284 2.00
285 285 2.00
286 286 2.00
287 287 2.00
288 288 2.00
289 289 2.00
290 290 2.00
291 291 2.00
292 292 2.00
293 293 2.00
294 294 2.00
295 295 2.00
296 296 2.00
297 297 2.00
298 298 2.00
299 299 2.00
300 300 2.00
301 301 2.00
302 302 2.00
303 303 2.00
304 304 2.00
305 305 2.00
306 306 2.00
307 307 2.00
308 308 2.00
309 309 2.00
310 310 2.00
311 311 2.00
312 312 2.00
313 313 2.00
314 314 2.00
315 315 2.00
316 316 2.00
317 317 2.00
318 318 2.00
319 319 2.00
320 320 2.00
321 321 2.00
322 322 2.00
323 323 2.00
324 324 2.00
325 325 2.00
326 326 2.00
327 327 2.00
328 328 2.00
329 329 2.00
330 330 2.00
331 331 2.00
332 332 2.00
333 333 2.00
334 334 2.00
335 335 2.00
336 336 2.00
337 337 2.00
338 338 2.00
339 339 2.00
340 340 2.00
341 341 2.00
342 342 2.00
343 343 2.00
344 344 2.00
345 345 2.00
346 346 2.00
347 347 2.00
348 348 2.00
349 349 2.00
350 350 2.00
351 351 2.00
352 352 2.00
353 353 2.00
354 354 2.00
355 355 2.00
356 356 2.00
357 357 2.00
358 358 2.00
359 359 2.00
360 360 2.00
361 361 2.00
362 362 2.00
363 363 2.00
364 364 2.00
365 365 2.00
366 366 2.00
367 367 2.00
368 368 2.00
369 369 2.00
370 370 2.00
371 371 2.00
372 372 2.00
373 373 2.00
374 374 2.00
375 375 2.00
376 376 2.00
377 377 2.00
378 378 2.00
379 379 2.00
380 380 2.00
381 381 2.00
382 382 2.00
383 383 2.00
384 384 2.00
385 385 2.00
386 386 2.00
387 387 2.00
388 388 2.00
389 389 2.00
390 390 2.00
391 391 2.00
392 392 2.00
393 393 2.00
394 394 2.00
395 395 2.00
396 396 2.00
397 397 2.00
398 398 2.00
399 399 2.00
400 400 2.00
401 401 2.00
402 402 2.00
403 403 2.00
404 404 2.00
405 405 2.00
406 406 2.00
407 407 2.00
408 408 2.00
409 409 2.00
410 410 2.00
411 411 2.00
412 412 2.00
413 413 2.00
414 414 2.00
415 415 2.00
416 416 2.00
417 417 2.00
418 418 2.00
419 419 2.00
420 420 2.00
421 421 2.00
422 422 2.00
423 423 2.00
424 424 2.00
425 425 2.00
426 426 2.00
427 427 2.00
428 428 2.00
429 429 2.00
430 430 2.00
431 431 2.00
432 432 2.00
433 433 2.00
434 434 2.00
435 435 2.00
436 436 2.00
437 437 2.00
438 438 2.00
439 439 2.00
440 440 2.00
441 441 2.00
442 442 2.00
443 443 2.00
444 444 2.00
445 445 2.00
446 446 2.00
447 447 2.00
448 448 2.00
449 449 2.00
450 450 2.00
451 451 2.00
452 452 2.00
453 453 2.00
454 454 2.00
455 455 2.00
456 456 2.00
457 457 2.00
458 458 2.00
459 459 2.00
460 460 2.00
461 461 2.00
462 462 2.00
463 463 2.00
464 464 2.00
465 465 2.00
466 466 2.00
467 467 2.00
468 468 2.00
469 469 2.00
470 470 2.00
471 471 2.00
472 472 2.00
473 473 2.00
474 474 2.00
475 475 2.00
476 476 2.00
477 477 2.00
478 478 2.00
479 479 2.00
480 480 2.00
481 481 2.00
482 482 2.00
483 483 2.00
484 484 2.00
485 485 2.00
486 486 2.00
487 487 2.00
488 488 2.00
489 489 2.00
490 490 2.00
491 491 2.00
492 492 2.00
493 493 2.00
494 494 2.00
495 495 2.00
496 496 2.00
497 497 2.00
498 498 2.00
499 499 2.00
500 500 2.00
501 501 2.00
502 502 2.00
503 503 2.00
504 504 2.00
505 505 2.00
506 506 2.00
507 507 2.00
508 508 2.00
509 509 2.00
510 510 2.00
511 511 2.00
512 512 2.00
513 513 2.00
514 514 2.00
515 515 2.00
516 516 2.00
517 517 2.00
518 518 2.00
519 519 2.00
520 520 2.00
521 521 2.00
522 522 2.00
523 523 2.00
524 524 2.00
525 525 2.00
526 526 2.00
527 527 2.00
528 528 2.00
529 529 2.00
530 530 2.00
531 531 2.00
532 532 2.00
533 533 2.00
534 534 2.00
535 535 2.00
536 536 2.00
537 537 2.00
538 538 2.00
539 539 2.00
540 540 2.00
541 541 2.00
542 542 2.00
543 543 2.00
544 544 2.00
545 545 2.00
546 546 2.00
547 547 2.00
548 548 2.00
549 549 2.00
550 550 2.00
551 551 2.00
552 552 2.00
553 553 2.00
554 554 2.00
555 555 2.00
556 556 2.00
557 557 2.00
558 558 2.00
559 559 2.00
560 560 2.00
561 561 2.00
562 562 2.00
563 563 2.00
564 564 2.00
565 565 2.00
566 566 2.00
567 567 2.00
568 568 2.00
569 569 2.00
570 570 2.00
571 571 2.00
572 572 2.00
573 573 2.00
574 574 2.00
575 575 2.00
576 576 2.00
577 577 2.00
578 578 2.00
579 579 2.00
580 580 2.00
581 581 2.00
582 582 2.00
583 583 2.00
584 584 2.00
585 585 2.00
586 586 2.00
587 587 2.00
588 588 2.00
589 589 2.00
590 590 2.00
591 591 2.00
592 592 2.00
593 593 2.00
594 594 2.00
595 595 2.00
596 596 2.00
597 597 2.00
598 598 2.00
599 599 2.00
600 600 2.00
601 601 2.00
602 602 2.00
603 603 2.00
604 604 2.00
605 605 2.00
606 606 2.00
607 607 2.00
608 608 2.00
609 609 2.00
610 610 2.00
611 611 2.00
612 612 2.00
613 613 2.00
614 614 2.00
615 615 2.00
616 616 2.00
617 617 2.00
618 618 2.00
619 619 2.00
620 620 2.00
621 621 2.00
622 622 2.00
623 623 2.00
624 624 2.00
625 625 2.00
626 626 2.00
627 627 2.00
628 628 2.00
629 629 2.00
630 630 2.00
631 631 2.00
632 632 2.00
633 633 2.00
634 634 2.00
635 635 2.00
636 636 2.00
637 637 2.00
638 638 2.00
639 639 2.00
640 640 2.00
641 641 2.00
642 642 2.00
643 643 2.00
644 644 2.00
645 645 2.00
646 646 2.00
647 647 2.00
648 648 2.00
649 649 2.00
650 650 2.00
651 651 2.00
652 652 2.00
653 653 2.00
654 654 2.00
655 655 2.00
656 656 2.00
657 657 2.00
658 658 2.00
659 659 2.00
660 660 2.00
661 661 2.00
662 662 2.00
663 663 2.00
664 664 2.00
665 665 2.00
666 666 2.00
667 667 2.00
668 668 2.00
669 669 2.00
670 670 2.00
671 671 2.00
672 672 2.00
673 673 2.00
674 674 2.00
675 675 2.00
676 676 2.00
677 677 2.00
678 678 2.00
679 679 2.00
680 680 2.00
681 681 2.00
682 682 2.00
683 683 2.00
684 684 2.00
685 685 2.00
686 686 2.00
687 687 2.00
688 688 2.00
689 689 2.00
690 690 2.00
691 691 2.00
692 692 2.00
693 693 2.00
694 694 2.00
695 695 2.00
696 696 2.00
697 697 2.00
698 698 2.00
699 699 2.00
700 700 2.00
701 701 2.00
702 702 2.00
703 703 2.00
704 704 2.00
705 705 2.00
706 706 2.00
707 707 2.00
708 708 2.00
709 709 2.00
710 710 2.00
711 711 2.00
712 712 2.00
713 713 2.00
714 714 2.00
715 715 2.00
716 716 2.00
717 717 2.00
718 718 2.00
719 719 2.00
720 720 2.00
721 721 2.00
722 722 2.00
723 723 2.00
724 724 2.00
725 725 2.00
726 726 2.00
727 727 2.00
728 728 2.00
729 729 2.00
730 730 2.00
731 731 2.00
732 732 2.00
733 733 2.00
734 734 2.00
735 735 2.00
736 736 2.00
737 737 2.00
738 738 2.00
739 739 2.00
740 740 2.00
741 741 2.00
742 742 2.00
743 743 2.00
744 744 2.00
745 745 2.00
746 746 2.00
747 747 2.00
748 748 2.00
749 749 2.00
750 750 2.00
751 751 2.00
752 752 2.00
753 753 2.00
754 754 2.00
755 755 2.00
756 756 2.00
757 757 2.00
758 758 2.00
759 759 2.00
760 760 2.00
761 761 2.00
762 762 2.00
763 763 2.00
764 764 2.00
765 765 2.00
766 766 2.00
767 767 2.00
768 768 2.00
769 769 2.00
770 770 2.00
771 771 2.00
772 772 2.00
773 773 2.00
774 774 2.00
775 775 2.00
776 776 2.00
777 777 2.00
778 778 2.00
779 779 2.00
780 780 2.00
781 781 2.00
782 782 2.00
783 783 2.00
784 784 2.00
785 785 2.00
786 786 2.00
787 787 2.00
788 788 2.00
789 789 2.00
790 790 2.00
791 791 2.00
792 792 2.00
793 793 2.00
794 794 2.00
795 795 2.00
796 796 2.00
797 797 2.00
798 798 2.00
799 799 2.00
800 800 2.00
801 801 2.00
802 802 2.00
803 803 2.00
804 804 2.00
805 805 2.00
806 806 2.00
807 807 2.00
808 808 2.00
809 809 2.00
810 810 2.00
811 811 2.00
812 812 2.00
813 813 2.00
814 814 2.00
815 815 2.00
816 816 2.00
817 817 2.00
818 818 2.00
819 819 2.00
820 820 2.00
821 821 2.00
822 822 2.00
823 823 2.00
824 824 2.00
825 825 2.00
826 826 2.00
827 827 2.00
828 828 2.00
829 829 2.00
830 830 2.00
831 831 2.00
832 832 2.00
833 833 2.00
834 834 2.00
835 835 2.00
836 836 2.00
837 837 2.00
838 838 2.00
839 839 2.00
840 840 2.00
841 841 2.00
842 842 2.00
843 843 2.00
844 844 2.00
845 845 2.00
846 846 2.00
847 847 2.00
848 848 2.00
849 849 2.00
850 850 2.00
851 851 2.00
852 852 2.00
853 853 2.00
854 854 2.00
855 855 2.00
856 856 2.00
857 857 2.00
858 858 2.00
859 859 2.00
860 860 2.00
861 861 2.00
862 862 2.00
863 863 2.00
864 864 2.00
865 865 2.00
866 866 2.00
867 867 2.00
868 868 2.00
869 869 2.00
870 870 2.00
871 871 2.00
872 872 2.00
873 873 2.00
874 874 2.00
875 875 2.00
876 876 2.00
877 877 2.00
878 878 2.00
879 879 2.00
880 880 2.00
881 881 2.00
882 882 2.00
883 883 2.00
884 884 2.00
885 885 2.00
886 886 2.00
887 887 2.00
888 888 2.00
889 889 2.00
890 890 2.00
891 891 2.00
892 892 2.00
893 893 2.00
894 894 2.00
895 895 2.00
896 896 2.00
897 897 2.00
898 898 2.00
899 899 2.00
900 900 2.00
901 901 2.00
902 902 2.00
903 903 2.00
904 904 2.00
905 905 2.00
906 906 2.00
907 907 2.00
908 908 2.00
909 909 2.00
910 910 2.00
911 911 2.00
912 912 2.00
913 913 2.00
914 914 2.00
915 915 2.00
916 916 2.00
917 917 2.00
918 918 2.00
919 919 2.00
920 920 2.00
921 921 2.00
922 922 2.00
923 923 2.00
924 924 2.00
925 925 2.00
926 926 2.00
927 927 2.00
928 928 2.00
929 929 2.00
930 930 2.00
931 931 2.00
932 932 2.00
933 933 2.00
934 934 2.00
935 935 2.00
936 936 2.00
937 937 2.00
938 938 2.00
939 939 2.00
940 940 2.00
941 941 2.00
942 942 2.00
943 943 2.00
944 944 2.00
945 945 2.00
946 946 2.00
947 947 2.00
948 948 2.00
949 949 2.00
950 950 2.00
951 951 2.00
952 952 2.00
953 953 2.00
954 954 2.00
955 955 2.00
956 956 2.00
957 957 2.00
958 958 2.00
959 959 2.00
960 960 2.00
961 961 2.00
962 962 2.00
963 963 2.00
964 964 2.00
965 965 2.00
966 966 2.00
967 967 2.00
968 968 2.00
969 969 2.00
970 970 2.00
971 971 2.00
972 972 2.00
973 973 2.00
974 974 2.00
975 975 2.00
976 976 2.00
977 977 2.00
978 978 2.00
979 979 2.00
980 980 2.00
981 981 2.00
982 982 2.00
983 983 2.00
984 984 2.00
985 985 2.00
986 986 2.00
987 987 2.00
988 988 2.00
989 989 2.00
990 990 2.00
991 991 2.00
992 992 2.00
993 993 2.00
994 994 2.00
995 995 2.00
996 996 2.00
997 997 2.00
998 998 2.00
999 999 2.00
1 0 -1.00
2 1 -1.00
3 2 -1.00
4 3 -1.00
5 4 -1.00
6 5 -1.00
7 6 -1.00
8 7 -1.00
9 8 -1.00
10 9 -1.00
11 10 -1.00
12 11 -1.00
13 12 -1.00
14 13 -1.00
15 14 -1.00
16 15 -1.00
17 16 -1.00
18 17 -1.00
19 18 -1.00
20 19 -1.00
21 20 -1.00
22 21 -1.00
23 22 -1.00
24 23 -1.00
25 24 -1.00
26 25 -1.00
27 26 -1.00
28 27 -1.00
29 28 -1.00
30 29 -1.00
31 30 -1.00
32 31 -1.00
33 32 -1.00
34 33 -1.00
35 34 -1.00
36 35 -1.00
37 36 -1.00
38 37 -1.00
39 38 -1.00
40 39 -1.00
41 40 -1.00
42 41 -1.00
43 42 -1.00
44 43 -1.00
45 44 -1.00
46 45 -1.00
47 46 -1.00
48 47 -1.00
49 48 -1.00
50 49 -1.00
51 50 -1.00
52 51 -1.00
53 52 -1.00
54 53 -1.00
55 54 -1.00
56 55 -1.00
57 56 -1.00
58 57 -1.00
59 58 -1.00
60 59 -1.00
61 60 -1.00
62 61 -1.00
63 62 -1.00
64 63 -1.00
65 64 -1.00
66 65 -1.00
67 66 -1.00
68 67 -1.00
69 68 -1.00
70 69 -1.00
71 70 -1.00
72 71 -1.00
73 72 -1.00
74 73 -1.00
75 74 -1.00
76 75 -1.00
77 76 -1.00
78 77 -1.00
79 78 -1.00
80 79 -1.00
81 80 -1.00
82 81 -1.00
83 82 -1.00
84 83 -1.00
85 84 -1.00
86 85 -1.00
87 86 -1.00
88 87 -1.00
89 88 -1.00
90 89 -1.00
91 90 -1.00
92 91 -1.00
93 92 -1.00
94 93 -1.00
95 94 -1.00
96 95 -1.00
97 96 -1.00
98 97 -1.00
99 98 -1.00
100 99 -1.00
101 100 -1.00
102 101 -1.00
103 102 -1.00
104 103 -1.00
105 104 -1.00
106 105 -1.00
107 106 -1.00
108 107 -1.00
109 108 -1.00
110 109 -1.00
111 110 -1.00
112 111 -1.00
113 112 -1.00
114 113 -1.00
115 114 -1.00
116 115 -1.00
117 116 -1.00
118 117 -1.00
119 118 -1.00
120 119 -1.00
121 120 -1.00
122 121 -1.00
123 122 -1.00
124 123 -1.00
125 124 -1.00
126 125 -1.00
127 126 -1.00
128 127 -1.00
129 128 -1.00
130 129 -1.00
131 130 -1.00
132 131 -1.00
133 132 -1.00
134 133 -1.00
135 134 -1.00
136 135 -1.00
137 136 -1.00
138 137 -1.00
139 138 -1.00
140 139 -1.00
141 140 -1.00
142 141 -1.00
143 142 -1.00
144 143 -1.00
145 144 -1.00
146 145 -1.00
147 146 -1.00
148 147 -1.00
149 148 -1.00
150 149 -1.00
151 150 -1.00
152 151 -1.00
153 152 -1.00
154 153 -1.00
155 154 -1.00
156 155 -1.00
157 156 -1.00
158 157 -1.00
159 158 -1.00
160 159 -1.00
161 160 -1.00
162 161 -1.00
163 162 -1.00
164 163 -1.00
165 164 -1.00
166 165 -1.00
167 166 -1.00
168 167 -1.00
169 168 -1.00
170 169 -1.00
171 170 -1.00
172 171 -1.00
173 172 -1.00
174 173 -1.00
175 174 -1.00
176 175 -1.00
177 176 -1.00
178 177 -1.00
179 178 -1.00
180 179 -1.00
181 180 -1.00
182 181 -1.00
183 182 -1.00
184 183 -1.00
185 184 -1.00
186 185 -1.00
187 186 -1.00
188 187 -1.00
189 188 -1.00
190 189 -1.00
191 190 -1.00
192 191 -1.00
193 192 -1.00
194 193 -1.00
195 194 -1.00
196 195 -1.00
197 196 -1.00
198 197 -1.00
199 198 -1.00
200 199 -1.00
201 200 -1.00
202 201 -1.00
203 202 -1.00
204 203 -1.00
205 204 -1.00
206 205 -1.00
207 206 -1.00
208 207 -1.00
209 208 -1.00
210 209 -1.00
211 210 -1.00
212 211 -1.00
213 212 -1.00
214 213 -1.00
215 214 -1.00
216 215 -1.00
217 216 -1.00
218 217 -1.00
219 218 -1.00
220 219 -1.00
221 220 -1.00
222 221 -1.00
223 222 -1.00
224 223 -1.00
225 224 -1.00
226 225 -1.00
227 226 -1.00
228 227 -1.00
229 228 -1.00
230 229 -1.00
231 230 -1.00
232 231 -1.00
233 232 -1.00
234 233 -1.00
235 234 -1.00
236 235 -1.00
237 236 -1.00
238 237 -1.00
239 238 -1.00
240 239 -1.00
241 240 -1.00
242 241 -1.00
243 242 -1.00
244 243 -1.00
245 244 -1.00
246 245 -1.00
247 246 -1.00
248 247 -1.00
249 248 -1.00
250 249 -1.00
251 250 -1.00
252 251 -1.00
253 252 -1.00
254 253 -1.00
255 254 -1.00
256 255 -1.00
257 256 -1.00
258 257 -1.00
259 258 -1.00
260 259 -1.00
261 260 -1.00
262 261 -1.00
263 262 -1.00
264 263 -1.00
265 264 -1.00
266 265 -1.00
267 266 -1.00
268 267 -1.00
269 268 -1.00
270 269 -1.00
271 270 -1.00
272 271 -1.00
273 272 -1.00
274 273 -1.00
275 274 -1.00
276 275 -1.00
277 276 -1.00
278 277 -1.00
279 278 -1.00
280 279 -1.00
281 280 -1.00
282 281 -1.00
283 282 -1.00
284 283 -1.00
285 284 -1.00
286 285 -1.00
287 286 -1.00
288 287 -1.00
289 288 -1.00
290 289 -1.00
291 290 -1.00
292 291 -1.00
293 292 -1.00
294 293 -1.00
295 294 -1.00
296 295 -1.00
297 296 -1.00
298 297 -1.00
299 298 -1.00
300 299 -1.00
301 300 -1.00
302 301 -1.00
303 302 -1.00
304 303 -1.00
305 304 -1.00
306 305 -1.00
307 306 -1.00
308 307 -1.00
309 308 -1.00
310 309 -1.00
311 310 -1.00
312 311 -1.00
313 312 -1.00
314 313 -1.00
315 314 -1.00
316 315 -1.00
317 316 -1.00
318 317 -1.00
319 318 -1.00
320 319 -1.00
321 320 -1.00
322 321 -1.00
323 322 -1.00
324 323 -1.00
325 324 -1.00
326 325 -1.00
327 326 -1.00
328 327 -1.00
329 328 -1.00
330 329 -1.00
331 330 -1.00
332 331 -1.00
333 332 -1.00
334 333 -1.00
335 334 -1.00
336 335 -1.00
337 336 -1.00
338 337 -1.00
339 338 -1.00
340 339 -1.00
341 340 -1.00
342 341 -1.00
343 342 -1.00
344 343 -1.00
345 344 -1.00
346 345 -1.00
347 346 -1.00
348 347 -1.00
349 348 -1.00
350 349 -1.00
351 350 -1.00
352 351 -1.00
353 352 -1.00
354 353 -1.00
355 354 -1.00
356 355 -1.00
357 356 -1.00
358 357 -1.00
359 358 -1.00
360 359 -1.00
361 360 -1.00
362 361 -1.00
363 362 -1.00
364 363 -1.00
365 364 -1.00
366 365 -1.00
367 366 -1.00
368 367 -1.00
369 368 -1.00
370 369 -1.00
371 370 -1.00
372 371 -1.00
373 372 -1.00
374 373 -1.00
375 374 -1.00
376 375 -1.00
377 376 -1.00
378 377 -1.00
379 378 -1.00
380 379 -1.00
381 380 -1.00
382 381 -1.00
383 382 -1.00
384 383 -1.00
385 384 -1.00
386 385 -1.00
387 386 -1.00
388 387 -1.00
389 388 -1.00
390 389 -1.00
391 390 -1.00
392 391 -1.00
393 392 -1.00
394 393 -1.00
395 394 -1.00
396 395 -1.00
397 396 -1.00
398 397 -1.00
399 398 -1.00
400 399 -1.00
401 400 -1.00
402 401 -1.00
403 402 -1.00
404 403 -1.00
405 404 -1.00
406 405 -1.00
407 406 -1.00
408 407 -1.00
409 408 -1.00
410 409 -1.00
411 410 -1.00
412 411 -1.00
413 412 -1.00
414 413 -1.00
415 414 -1.00
416 415 -1.00
417 416 -1.00
418 417 -1.00
419 418 -1.00
420 419 -1.00
421 420 -1.00
422 421 -1.00
423 422 -1.00
424 423 -1.00
425 424 -1.00
426 425 -1.00
427 426 -1.00
428 427 -1.00
429 428 -1.00
430 429 -1.00
431 430 -1.00
432 431 -1.00
433 432 -1.00
434 433 -1.00
435 434 -1.00
436 435 -1.00
437 436 -1.00
438 437 -1.00
439 438 -1.00
440 439 -1.00
441 440 -1.00
442 441 -1.00
443 442 -1.00
444 443 -1.00
445 444 -1.00
446 445 -1.00
447 446 -1.00
448 447 -1.00
449 448 -1.00
450 449 -1.00
451 450 -1.00
452 451 -1.00
453 452 -1.00
454 453 -1.00
455 454 -1.00
456 455 -1.00
457 456 -1.00
458 457 -1.00
459 458 -1.00
460 459 -1.00
461 460 -1.00
462 461 -1.00
463 462 -1.00
464 463 -1.00
465 464 -1.00
466 465 -1.00
467 466 -1.00
468 467 -1.00
469 468 -1.00
470 469 -1.00
471 470 -1.00
472 471 -1.00
473 472 -1.00
474 473 -1.00
475 474 -1.00
476 475 -1.00
477 476 -1.00
478 477 -1.00
479 478 -1.00
480 479 -1.00
481 480 -1.00
482 481 -1.00
483 482 -1.00
484 483 -1.00
485 484 -1.00
486 485 -1.00
487 486 -1.00
488 487 -1.00
489 488 -1.00
490 489 -1.00
491 490 -1.00
492 491 -1.00
493 492 -1.00
494 493 -1.00
495 494 -1.00
496 495 -1.00
497 496 -1.00
498 497 -1.00
499 498 -1.00
500 499 -1.00
501 500 -1.00
502 501 -1.00
503 502 -1.00
504 503 -1.00
505 504 -1.00
506 505 -1.00
507 506 -1.00
508 507 -1.00
509 508 -1.00
510 509 -1.00
511 510 -1.00
512 511 -1.00
513 512 -1.00
514 513 -1.00
515 514 -1.00
516 515 -1.00
517 516 -1.00
518 517 -1.00
519 518 -1.00
520 519 -1.00
521 520 -1.00
522 521 -1.00
523 522 -1.00
524 523 -1.00
525 524 -1.00
526 525 -1.00
527 526 -1.00
528 527 -1.00
529 528 -1.00
530 529 -1.00
531 530 -1.00
532 531 -1.00
533 532 -1.00
534 533 -1.00
535 534 -1.00
536 535 -1.00
537 536 -1.00
538 537 -1.00
539 538 -1.00
540 539 -1.00
541 540 -1.00
542 541 -1.00
543 542 -1.00
544 543 -1.00
545 544 -1.00
546 545 -1.00
547 546 -1.00
548 547 -1.00
549 548 -1.00
550 549 -1.00
551 550 -1.00
552 551 -1.00
553 552 -1.00
554 553 -1.00
555 554 -1.00
556 555 -1.00
557 556 -1.00
558 557 -1.00
559 558 -1.00
560 559 -1.00
561 560 -1.00
562 561 -1.00
563 562 -1.00
564 563 -1.00
565 564 -1.00
566 565 -1.00
567 566 -1.00
568 567 -1.00
569 568 -1.00
570 569 -1.00
571 570 -1.00
572 571 -1.00
573 572 -1.00
574 573 -1.00
575 574 -1.00
576 575 -1.00
577 576 -1.00
578 577 -1.00
579 578 -1.00
580 579 -1.00
581 580 -1.00
582 581 -1.00
583 582 -1.00
584 583 -1.00
585 584 -1.00
586 585 -1.00
587 586 -1.00
588 587 -1.00
589 588 -1.00
590 589 -1.00
591 590 -1.00
592 591 -1.00
593 592 -1.00
594 593 -1.00
595 594 -1.00
596 595 -1.00
597 596 -1.00
598 597 -1.00
599 598 -1.00
600 599 -1.00
601 600 -1.00
602 601 -1.00
603 602 -1.00
604 603 -1.00
605 604 -1.00
606 605 -1.00
607 606 -1.00
608 607 -1.00
609 608 -1.00
610 609 -1.00
611 610 -1.00
612 611 -1.00
613 612 -1.00
614 613 -1.00
615 614 -1.00
616 615 -1.00
617 616 -1.00
618 617 -1.00
619 618 -1.00
620 619 -1.00
621 620 -1.00
622 621 -1.00
623 622 -1.00
624 623 -1.00
625 624 -1.00
626 625 -1.00
627 626 -1.00
628 627 -1.00
629 628 -1.00
630 629 -1.00
631 630 -1.00
632 631 -1.00
633 632 -1.00
634 633 -1.00
635 634 -1.00
636 635 -1.00
637 636 -1.00
638 637 -1.00
639 638 -1.00
640 639 -1.00
641 640 -1.00
642 641 -1.00
643 642 -1.00
644 643 -1.00
645 644 -1.00
646 645 -1.00
647 646 -1.00
648 647 -1.00
649 648 -1.00
650 649 -1.00
651 650 -1.00
652 651 -1.00
653 652 -1.00
654 653 -1.00
655 654 -1.00
656 655 -1.00
657 656 -1.00
658 657 -1.00
659 658 -1.00
660 659 -1.00
661 660 -1.00
662 661 -1.00
663 662 -1.00
664 663 -1.00
665 664 -1.00
666 665 -1.00
667 666 -1.00
668 667 -1.00
669 668 -1.00
670 669 -1.00
671 670 -1.00
672 671 -1.00
673 672 -1.00
674 673 -1.00
675 674 -1.00
676 675 -1.00
677 676 -1.00
678 677 -1.00
679 678 -1.00
680 679 -1.00
681 680 -1.00
682 681 -1.00
683 682 -1.00
684 683 -1.00
685 684 -1.00
686 685 -1.00
687 686 -1.00
688 687 -1.00
689 688 -1.00
690 689 -1.00
691 690 -1.00
692 691 -1.00
693 692 -1.00
694 693 -1.00
695 694 -1.00
696 695 -1.00
697 696 -1.00
698 697 -1.00
699 698 -1.00
700 699 -1.00
701 700 -1.00
702 701 -1.00
703 702 -1.00
704 703 -1.00
705 704 -1.00
706 705 -1.00
707 706 -1.00
708 707 -1.00
709 708 -1.00
710 709 -1.00
711 710 -1.00
712 711 -1.00
713 712 -1.00
714 713 -1.00
715 714 -1.00
716 715 -1.00
717 716 -1.00
718 717 -1.00
719 718 -1.00
720 719 -1.00
721 720 -1.00
722 721 -1.00
723 722 -1.00
724 723 -1.00
725 724 -1.00
726 725 -1.00
727 726 -1.00
728 727 -1.00
729 728 -1.00
730 729 -1.00
731 730 -1.00
732 731 -1.00
733 732 -1.00
734 733 -1.00
735 734 -1.00
736 735 -1.00
737 736 -1.00
738 737 -1.00
739 738 -1.00
740 739 -1.00
741 740 -1.00
742 741 -1.00
743 742 -1.00
744 743 -1.00
745 744 -1.00
746 745 -1.00
747 746 -1.00
748 747 -1.00
749 748 -1.00
750 749 -1.00
751 750 -1.00
752 751 -1.00
753 752 -1.00
754 753 -1.00
755 754 -1.00
756 755 -1.00
757 756 -1.00
758 757 -1.00
759 758 -1.00
760 759 -1.00
761 760 -1.00
762 761 -1.00
763 762 -1.00
764 763 -1.00
765 764 -1.00
766 765 -1.00
767 766 -1.00
768 767 -1.00
769 768 -1.00
770 769 -1.00
771 770 -1.00
772 771 -1.00
773 772 -1.00
774 773 -1.00
775 774 -1.00
776 775 -1.00
777 776 -1.00
778 777 -1.00
779 778 -1.00
780 779 -1.00
781 780 -1.00
782 781 -1.00
783 782 -1.00
784 783 -1.00
785 784 -1.00
786 785 -1.00
787 786 -1.00
788 787 -1.00
789 788 -1.00
790 789 -1.00
791 790 -1.00
792 791 -1.00
793 792 -1.00
794 793 -1.00
795 794 -1.00
796 795 -1.00
797 796 -1.00
798 797 -1.00
799 798 -1.00
800 799 -1.00
801 800 -1.00
802 801 -1.00
803 802 -1.00
804 803 -1.00
805 804 -1.00
806 805 -1.00
807 806 -1.00
808 807 -1.00
809 808 -1.00
810 809 -1.00
811 810 -1.00
812 811 -1.00
813 812 -1.00
814 813 -1.00
815 814 -1.00
816 815 -1.00
817 816 -1.00
818 817 -1.00
819 818 -1.00
820 819 -1.00
821 820 -1.00
822 821 -1.00
823 822 -1.00
824 823 -1.00
825 824 -1.00
826 825 -1.00
827 826 -1.00
828 827 -1.00
829 828 -1.00
830 829 -1.00
831 830 -1.00
832 831 -1.00
833 832 -1.00
834 833 -1.00
835 834 -1.00
836 835 -1.00
837 836 -1.00
838 837 -1.00
839 838 -1.00
840 839 -1.00
841 840 -1.00
842 841 -1.00
843 842 -1.00
844 843 -1.00
845 844 -1.00
846 845 -1.00
847 846 -1.00
848 847 -1.00
849 848 -1.00
850 849 -1.00
851 850 -1.00
852 851 -1.00
853 852 -1.00
854 853 -1.00
855 854 -1.00
856 855 -1.00
857 856 -1.00
858 857 -1.00
859 858 -1.00
860 859 -1.00
861 860 -1.00
862 861 -1.00
863 862 -1.00
864 863 -1.00
865 864 -1.00
866 865 -1.00
867 866 -1.00
868 867 -1.00
869 868 -1.00
870 869 -1.00
871 870 -1.00
872 871 -1.00
873 872 -1.00
874 873 -1.00
875 874 -1.00
876 875 -1.00
877 876 -1.00
878 877 -1.00
879 878 -1.00
880 879 -1.00
881 880 -1.00
882 881 -1.00
883 882 -1.00
884 883 -1.00
885 884 -1.00
886 885 -1.00
887 886 -1.00
888 887 -1.00
889 888 -1.00
890 889 -1.00
891 890 -1.00
892 891 -1.00
893 892 -1.00
894 893 -1.00
895 894 -1.00
896 895 -1.00
897 896 -1.00
898 897 -1.00
899 898 -1.00
900 899 -1.00
901 900 -1.00
902 901 -1.00
903 902 -1.00
904 903 -1.00
905 904 -1.00
906 905 -1.00
907 906 -1.00
908 907 -1.00
909 908 -1.00
910 909 -1.00
911 910 -1.00
912 911 -1.00
913 912 -1.00
914 913 -1.00
915 914 -1.00
916 915 -1.00
917 916 -1.00
918 917 -1.00
919 918 -1.00
920 919 -1.00
921 920 -1.00
922 921 -1.00
923 922 -1.00
924 923 -1.00
925 924 -1.00
926 925 -1.00
927 926 -1.00
928 927 -1.00
929 928 -1.00
930 929 -1.00
931 930 -1.00
932 931 -1.00
933 932 -1.00
934 933 -1.00
935 934 -1.00
936 935 -1.00
937 936 -1.00
938 937 -1.00
939 938 -1.00
940 939 -1.00
941 940 -1.00
942 941 -1.00
943 942 -1.00
944 943 -1.00
945 944 -1.00
946 945 -1.00
947 946 -1.00
948 947 -1.00
949 948 -1.00
950 949 -1.00
951 950 -1.00
952 951 -1.00
953 952 -1.00
954 953 -1.00
955 954 -1.00
956 955 -1.00
957 956 -1.00
958 957 -1.00
959 958 -1.00
960 959 -1.00
961 960 -1.00
962 961 -1.00
963 962 -1.00
964 963 -1.00
965 964 -1.00
966 965 -1.00
967 966 -1.00
968 967 -1.00
969 968 -1.00
970 969 -1.00
971 970 -1.00
972 971 -1.00
973 972 -1.00
974 973 -1.00
975 974 -1.00
976 975 -1.00
977 976 -1.00
978 977 -1.00
979 978 -1.00
980 979 -1.00
981 980 -1.00
982 981 -1.00
983 982 -1.00
984 983 -1.00
985 984 -1.00
986 985 -1.00
987 986 -1.00
988 987 -1.00
989 988 -1.00
990 989 -1.00
991 990 -1.00
992 991 -1.00
993 992 -1.00
994 993 -1.00
995 994 -1.00
996 995 -1.00
997 996 -1.00
998 997 -1.00
999 998 -1.00
0 1 -1.00
1 2 -1.00
2 3 -1.00
3 4 -1.00
4 5 -1.00
5 6 -1.00
6 7 -1.00
7 8 -1.00
8 9 -1.00
9 10 -1.00
10 11 -1.00
11 12 -1.00
12 13 -1.00
13 14 -1.00
14 15 -1.00
15 16 -1.00
16 17 -1.00
17 18 -1.00
18 19 -1.00
19 20 -1.00
20 21 -1.00
21 22 -1.00
22 23 -1.00
23 24 -1.00
24 25 -1.00
25 26 -1.00
26 27 -1.00
27 28 -1.00
28 29 -1.00
29 30 -1.00
30 31 -1.00
31 32 -1.00
32 33 -1.00
33 34 -1.00
34 35 -1.00
35 36 -1.00
36 37 -1.00
37 38 -1.00
38 39 -1.00
39 40 -1.00
40 41 -1.00
41 42 -1.00
42 43 -1.00
43 44 -1.00
44 45 -1.00
45 46 -1.00
46 47 -1.00
47 48 -1.00
48 49 -1.00
49 50 -1.00
50 51 -1.00
51 52 -1.00
52 53 -1.00
53 54 -1.00
54 55 -1.00
55 56 -1.00
56 57 -1.00
57 58 -1.00
58 59 -1.00
59 60 -1.00
60 61 -1.00
61 62 -1.00
62 63 -1.00
63 64 -1.00
64 65 -1.00
65 66 -1.00
66 67 -1.00
67 68 -1.00
68 69 -1.00
69 70 -1.00
70 71 -1.00
71 72 -1.00
72 73 -1.00
73 74 -1.00
74 75 -1.00
75 76 -1.00
76 77 -1.00
77 78 -1.00
78 79 -1.00
79 80 -1.00
80 81 -1.00
81 82 -1.00
82 83 -1.00
83 84 -1.00
84 85 -1.00
85 86 -1.00
86 87 -1.00
87 88 -1.00
88 89 -1.00
89 90 -1.00
90 91 -1.00
91 92 -1.00
92 93 -1.00
93 94 -1.00
94 95 -1.00
95 96 -1.00
96 97 -1.00
97 98 -1.00
98 99 -1.00
99 100 -1.00
100 101 -1.00
101 102 -1.00
102 103 -1.00
103 104 -1.00
104 105 -1.00
105 106 -1.00
106 107 -1.00
107 108 -1.00
108 109 -1.00
109 110 -1.00
110 111 -1.00
111 112 -1.00
112 113 -1.00
113 114 -1.00
114 115 -1.00
115 116 -1.00
116 117 -1.00
117 118 -1.00
118 119 -1.00
119 120 -1.00
120 121 -1.00
121 122 -1.00
122 123 -1.00
123 124 -1.00
124 125 -1.00
125 126 -1.00
126 127 -1.00
127 128 -1.00
128 129 -1.00
129 130 -1.00
130 131 -1.00
131 132 -1.00
132 133 -1.00
133 134 -1.00
134 135 -1.00
135 136 -1.00
136 137 -1.00
137 138 -1.00
138 139 -1.00
139 140 -1.00
140 141 -1.00
141 142 -1.00
142 143 -1.00
143 144 -1.00
144 145 -1.00
145 146 -1.00
146 147 -1.00
147 148 -1.00
148 149 -1.00
149 150 -1.00
150 151 -1.00
151 152 -1.00
152 153 -1.00
153 154 -1.00
154 155 -1.00
155 156 -1.00
156 157 -1.00
157 158 -1.00
158 159 -1.00
159 160 -1.00
160 161 -1.00
161 162 -1.00
162 163 -1.00
163 164 -1.00
164 165 -1.00
165 166 -1.00
166 167 -1.00
167 168 -1.00
168 169 -1.00
169 170 -1.00
170 171 -1.00
171 172 -1.00
172 173 -1.00
173 174 -1.00
174 175 -1.00
175 176 -1.00
176 177 -1.00
177 178 -1.00
178 179 -1.00
179 180 -1.00
180 181 -1.00
181 182 -1.00
182 183 -1.00
183 184 -1.00
184 185 -1.00
185 186 -1.00
186 187 -1.00
187 188 -1.00
188 189 -1.00
189 190 -1.00
190 191 -1.00
191 192 -1.00
192 193 -1.00
193 194 -1.00
194 195 -1.00
195 196 -1.00
196 197 -1.00
197 198 -1.00
198 199 -1.00
199 200 -1.00
200 201 -1.00
201 202 -1.00
202 203 -1.00
203 204 -1.00
204 205 -1.00
205 206 -1.00
206 207 -1.00
207 208 -1.00
208 209 -1.00
209 210 -1.00
210 211 -1.00
211 212 -1.00
212 213 -1.00
213 214 -1.00
214 215 -1.00
215 216 -1.00
216 217 -1.00
217 218 -1.00
218 219 -1.00
219 220 -1.00
220 221 -1.00
221 222 -1.00
222 223 -1.00
223 224 -1.00
224 225 -1.00
225 226 -1.00
226 227 -1.00
227 228 -1.00
228 229 -1.00
229 230 -1.00
230 231 -1.00
231 232 -1.00
232 233 -1.00
233 234 -1.00
234 235 -1.00
235 236 -1.00
236 237 -1.00
237 238 -1.00
238 239 -1.00
239 240 -1.00
240 241 -1.00
241 242 -1.00
242 243 -1.00
243 244 -1.00
244 245 -1.00
245 246 -1.00
246 247 -1.00
247 248 -1.00
248 249 -1.00
249 250 -1.00
250 251 -1.00
251 252 -1.00
252 253 -1.00
253 254 -1.00
254 255 -1.00
255 256 -1.00
256 257 -1.00
257 258 -1.00
258 259 -1.00
259 260 -1.00
260 261 -1.00
261 262 -1.00
262 263 -1.00
263 264 -1.00
264 265 -1.00
265 266 -1.00
266 267 -1.00
267 268 -1.00
268 269 -1.00
269 270 -1.00
270 271 -1.00
271 272 -1.00
272 273 -1.00
273 274 -1.00
274 275 -1.00
275 276 -1.00
276 277 -1.00
277 278 -1.00
278 279 -1.00
279 280 -1.00
280 281 -1.00
281 282 -1.00
282 283 -1.00
283 284 -1.00
284 285 -1.00
285 286 -1.00
286 287 -1.00
287 288 -1.00
288 289 -1.00
289 290 -1.00
290 291 -1.00
291 292 -1.00
292 293 -1.00
293 294 -1.00
294 295 -1.00
295 296 -1.00
296 297 -1.00
297 298 -1.00
298 299 -1.00
299 300 -1.00
300 301 -1.00
301 302 -1.00
302 303 -1.00
303 304 -1.00
304 305 -1.00
305 306 -1.00
306 307 -1.00
307 308 -1.00
308 309 -1.00
309 310 -1.00
310 311 -1.00
311 312 -1.00
312 313 -1.00
313 314 -1.00
314 315 -1.00
315 316 -1.00
316 317 -1.00
317 318 -1.00
318 319 -1.00
319 320 -1.00
320 321 -1.00
321 322 -1.00
322 323 -1.00
323 324 -1.00
324 325 -1.00
325 326 -1.00
326 327 -1.00
327 328 -1.00
328 329 -1.00
329 330 -1.00
330 331 -1.00
331 332 -1.00
332 333 -1.00
333 334 -1.00
334 335 -1.00
335 336 -1.00
336 337 -1.00
337 338 -1.00
338 339 -1.00
339 340 -1.00
340 341 -1.00
341 342 -1.00
342 343 -1.00
343 344 -1.00
344 345 -1.00
345 346 -1.00
346 347 -1.00
347 348 -1.00
348 349 -1.00
349 350 -1.00
350 351 -1.00
351 352 -1.00
352 353 -1.00
353 354 -1.00
354 355 -1.00
355 356 -1.00
356 357 -1.00
357 358 -1.00
358 359 -1.00
359 360 -1.00
360 361 -1.00
361 362 -1.00
362 363 -1.00
363 364 -1.00
364 365 -1.00
365 366 -1.00
366 367 -1.00
367 368 -1.00
368 369 -1.00
369 370 -1.00
370 371 -1.00
371 372 -1.00
372 373 -1.00
373 374 -1.00
374 375 -1.00
375 376 -1.00
376 377 -1.00
377 378 -1.00
378 379 -1.00
379 380 -1.00
380 381 -1.00
381 382 -1.00
382 383 -1.00
383 384 -1.00
384 385 -1.00
385 386 -1.00
386 387 -1.00
387 388 -1.00
388 389 -1.00
389 390 -1.00
390 391 -1.00
391 392 -1.00
392 393 -1.00
393 394 -1.00
394 395 -1.00
395 396 -1.00
396 397 -1.00
397 398 -1.00
398 399 -1.00
399 400 -1.00
400 401 -1.00
401 402 -1.00
402 403 -1.00
403 404 -1.00
404 405 -1.00
405 406 -1.00
406 407 -1.00
407 408 -1.00
408 409 -1.00
409 410 -1.00
410 411 -1.00
411 412 -1.00
412 413 -1.00
413 414 -1.00
414 415 -1.00
415 416 -1.00
416 417 -1.00
417 418 -1.00
418 419 -1.00
419 420 -1.00
420 421 -1.00
421 422 -1.00
422 423 -1.00
423 424 -1.00
424 425 -1.00
425 426 -1.00
426 427 -1.00
427 428 -1.00
428 429 -1.00
429 430 -1.00
430 431 -1.00
431 432 -1.00
432 433 -1.00
433 434 -1.00
434 435 -1.00
435 436 -1.00
436 437 -1.00
437 438 -1.00
438 439 -1.00
439 440 -1.00
440 441 -1.00
441 442 -1.00
442 443 -1.00
443 444 -1.00
444 445 -1.00
445 446 -1.00
446 447 -1.00
447 448 -1.00
448 449 -1.00
449 450 -1.00
450 451 -1.00
451 452 -1.00
452 453 -1.00
453 454 -1.00
454 455 -1.00
455 456 -1.00
456 457 -1.00
457 458 -1.00
458 459 -1.00
459 460 -1.00
460 461 -1.00
461 462 -1.00
462 463 -1.00
463 464 -1.00
464 465 -1.00
465 466 -1.00
466 467 -1.00
467 468 -1.00
468 469 -1.00
469 470 -1.00
470 471 -1.00
471 472 -1.00
472 473 -1.00
473 474 -1.00
474 475 -1.00
475 476 -1.00
476 477 -1.00
477 478 -1.00
478 479 -1.00
479 480 -1.00
480 481 -1.00
481 482 -1.00
482 483 -1.00
483 484 -1.00
484 485 -1.00
485 486 -1.00
486 487 -1.00
487 488 -1.00
488 489 -1.00
489 490 -1.00
490 491 -1.00
491 492 -1.00
492 493 -1.00
493 494 -1.00
494 495 -1.00
495 496 -1.00
496 497 -1.00
497 498 -1.00
498 499 -1.00
499 500 -1.00
500 501 -1.00
501 502 -1.00
502 503 -1.00
503 504 -1.00
504 505 -1.00
505 506 -1.00
506 507 -1.00
507 508 -1.00
508 509 -1.00
509 510 -1.00
510 511 -1.00
511 512 -1.00
512 513 -1.00
513 514 -1.00
514 515 -1.00
515 516 -1.00
516 517 -1.00
517 518 -1.00
518 519 -1.00
519 520 -1.00
520 521 -1.00
521 522 -1.00
522 523 -1.00
523 524 -1.00
524 525 -1.00
525 526 -1.00
526 527 -1.00
527 528 -1.00
528 529 -1.00
529 530 -1.00
530 531 -1.00
531 532 -1.00
532 533 -1.00
533 534 -1.00
534 535 -1.00
535 536 -1.00
536 537 -1.00
537 538 -1.00
538 539 -1.00
539 540 -1.00
540 541 -1.00
541 542 -1.00
542 543 -1.00
543 544 -1.00
544 545 -1.00
545 546 -1.00
546 547 -1.00
547 548 -1.00
548 549 -1.00
549 550 -1.00
550 551 -1.00
551 552 -1.00
552 553 -1.00
553 554 -1.00
554 555 -1.00
555 556 -1.00
556 557 -1.00
557 558 -1.00
558 559 -1.00
559 560 -1.00
560 561 -1.00
561 562 -1.00
562 563 -1.00
563 564 -1.00
564 565 -1.00
565 566 -1.00
566 567 -1.00
567 568 -1.00
568 569 -1.00
569 570 -1.00
570 571 -1.00
571 572 -1.00
572 573 -1.00
573 574 -1.00
574 575 -1.00
575 576 -1.00
576 577 -1.00
577 578 -1.00
578 579 -1.00
579 580 -1.00
580 581 -1.00
581 582 -1.00
582 583 -1.00
583 584 -1.00
584 585 -1.00
585 586 -1.00
586 587 -1.00
587 588 -1.00
588 589 -1.00
589 590 -1.00
590 591 -1.00
591 592 -1.00
592 593 -1.00
593 594 -1.00
594 595 -1.00
595 596 -1.00
596 597 -1.00
597 598 -1.00
598 599 -1.00
599 600 -1.00
600 601 -1.00
601 602 -1.00
602 603 -1.00
603 604 -1.00
604 605 -1.00
605 606 -1.00
606 607 -1.00
607 608 -1.00
608 609 -1.00
609 610 -1.00
610 611 -1.00
611 612 -1.00
612 613 -1.00
613 614 -1.00
614 615 -1.00
615 616 -1.00
616 617 -1.00
617 618 -1.00
618 619 -1.00
619 620 -1.00
620 621 -1.00
621 622 -1.00
622 623 -1.00
623 624 -1.00
624 625 -1.00
625 626 -1.00
626 627 -1.00
627 628 -1.00
628 629 -1.00
629 630 -1.00
630 631 -1.00
631 632 -1.00
632 633 -1.00
633 634 -1.00
634 635 -1.00
635 636 -1.00
636 637 -1.00
637 638 -1.00
638 639 -1.00
639 640 -1.00
640 641 -1.00
641 642 -1.00
642 643 -1.00
643 644 -1.00
644 645 -1.00
645 646 -1.00
646 647 -1.00
647 648 -1.00
648 649 -1.00
649 650 -1.00
650 651 -1.00
651 652 -1.00
652 653 -1.00
653 654 -1.00
654 655 -1.00
655 656 -1.00
656 657 -1.00
657 658 -1.00
658 659 -1.00
659 660 -1.00
660 661 -1.00
661 662 -1.00
662 663 -1.00
663 664 -1.00
664 665 -1.00
665 666 -1.00
666 667 -1.00
667 668 -1.00
668 669 -1.00
669 670 -1.00
670 671 -1.00
671 672 -1.00
672 673 -1.00
673 674 -1.00
674 675 -1.00
675 676 -1.00
676 677 -1.00
677 678 -1.00
678 679 -1.00
679 680 -1.00
680 681 -1.00
681 682 -1.00
682 683 -1.00
683 684 -1.00
684 685 -1.00
685 686 -1.00
686 687 -1.00
687 688 -1.00
688 689 -1.00
689 690 -1.00
690 691 -1.00
691 692 -1.00
692 693 -1.00
693 694 -1.00
694 695 -1.00
695 696 -1.00
696 697 -1.00
697 698 -1.00
698 699 -1.00
699 700 -1.00
700 701 -1.00
701 702 -1.00
702 703 -1.00
703 704 -1.00
704 705 -1.00
705 706 -1.00
706 707 -1.00
707 708 -1.00
708 709 -1.00
709 710 -1.00
710 711 -1.00
711 712 -1.00
712 713 -1.00
713 714 -1.00
714 715 -1.00
715 716 -1.00
716 717 -1.00
717 718 -1.00
718 719 -1.00
719 720 -1.00
720 721 -1.00
721 722 -1.00
722 723 -1.00
723 724 -1.00
724 725 -1.00
725 726 -1.00
726 727 -1.00
727 728 -1.00
728 729 -1.00
729 730 -1.00
730 731 -1.00
731 732 -1.00
732 733 -1.00
733 734 -1.00
734 735 -1.00
735 736 -1.00
736 737 -1.00
737 738 -1.00
738 739 -1.00
739 740 -1.00
740 741 -1.00
741 742 -1.00
742 743 -1.00
743 744 -1.00
744 745 -1.00
745 746 -1.00
746 747 -1.00
747 748 -1.00
748 749 -1.00
749 750 -1.00
750 751 -1.00
751 752 -1.00
752 753 -1.00
753 754 -1.00
754 755 -1.00
755 756 -1.00
756 757 -1.00
757 758 -1.00
758 759 -1.00
759 760 -1.00
760 761 -1.00
761 762 -1.00
762 763 -1.00
763 764 -1.00
764 765 -1.00
765 766 -1.00
766 767 -1.00
767 768 -1.00
768 769 -1.00
769 770 -1.00
770 771 -1.00
771 772 -1.00
772 773 -1.00
773 774 -1.00
774 775 -1.00
775 776 -1.00
776 777 -1.00
777 778 -1.00
778 779 -1.00
779 780 -1.00
780 781 -1.00
781 782 -1.00
782 783 -1.00
783 784 -1.00
784 785 -1.00
785 786 -1.00
786 787 -1.00
787 788 -1.00
788 789 -1.00
789 790 -1.00
790 791 -1.00
791 792 -1.00
792 793 -1.00
793 794 -1.00
794 795 -1.00
795 796 -1.00
796 797 -1.00
797 798 -1.00
798 799 -1.00
799 800 -1.00
800 801 -1.00
801 802 -1.00
802 803 -1.00
803 804 -1.00
804 805 -1.00
805 806 -1.00
806 807 -1.00
807 808 -1.00
808 809 -1.00
809 810 -1.00
810 811 -1.00
811 812 -1.00
812 813 -1.00
813 814 -1.00
814 815 -1.00
815 816 -1.00
816 817 -1.00
817 818 -1.00
818 819 -1.00
819 820 -1.00
820 821 -1.00
821 822 -1.00
822 823 -1.00
823 824 -1.00
824 825 -1.00
825 826 -1.00
826 827 -1.00
827 828 -1.00
828 829 -1.00
829 830 -1.00
830 831 -1.00
831 832 -1.00
832 833 -1.00
833 834 -1.00
834 835 -1.00
835 836 -1.00
836 837 -1.00
837 838 -1.00
838 839 -1.00
839 840 -1.00
840 841 -1.00
841 842 -1.00
842 843 -1.00
843 844 -1.00
844 845 -1.00
845 846 -1.00
846 847 -1.00
847 848 -1.00
848 849 -1.00
849 850 -1.00
850 851 -1.00
851 852 -1.00
852 853 -1.00
853 854 -1.00
854 855 -1.00
855 856 -1.00
856 857 -1.00
857 858 -1.00
858 859 -1.00
859 860 -1.00
860 861 -1.00
861 862 -1.00
862 863 -1.00
863 864 -1.00
864 865 -1.00
865 866 -1.00
866 867 -1.00
867 868 -1.00
868 869 -1.00
869 870 -1.00
870 871 -1.00
871 872 -1.00
872 873 -1.00
873 874 -1.00
874 875 -1.00
875 876 -1.00
876 877 -1.00
877 878 -1.00
878 879 -1.00
879 880 -1.00
880 881 -1.00
881 882 -1.00
882 883 -1.00
883 884 -1.00
884 885 -1.00
885 886 -1.00
886 887 -1.00
887 888 -1.00
888 889 -1.00
889 890 -1.00
890 891 -1.00
891 892 -1.00
892 893 -1.00
893 894 -1.00
894 895 -1.00
895 896 -1.00
896 897 -1.00
897 898 -1.00
898 899 -1.00
899 900 -1.00
900 901 -1.00
901 902 -1.00
902 903 -1.00
903 904 -1.00
904 905 -1.00
905 906 -1.00
906 907 -1.00
907 908 -1.00
908 909 -1.00
909 910 -1.00
910 911 -1.00
911 912 -1.00
912 913 -1.00
913 914 -1.00
914 915 -1.00
915 916 -1.00
916 917 -1.00
917 918 -1.00
918 919 -1.00
919 920 -1.00
920 921 -1.00
921 922 -1.00
922 923 -1.00
923 924 -1.00
924 925 -1.00
925 926 -1.00
926 927 -1.00
927 928 -1.00
928 929 -1.00
929 930 -1.00
930 931 -1.00
931 932 -1.00
932 933 -1.00
933 934 -1.00
934 935 -1.00
935 936 -1.00
936 937 -1.00
937 938 -1.00
938 939 -1.00
939 940 -1.00
940 941 -1.00
941 942 -1.00
942 943 -1.00
943 944 -1.00
944 945 -1.00
945 946 -1.00
946 947 -1.00
947 948 -1.00
948 949 -1.00
949 950 -1.00
950 951 -1.00
951 952 -1.00
952 953 -1.00
953 954 -1.00
954 955 -1.00
955 956 -1.00
956 957 -1.00
957 958 -1.00
958 959 -1.00
959 960 -1.00
960 961 -1.00
961 962 -1.00
962 963 -1.00
963 964 -1.00
964 965 -1.00
965 966 -1.00
966 967 -1.00
967 968 -1.00
968 969 -1.00
969 970 -1.00
970 971 -1.00
971 972 -1.00
972 973 -1.00
973 974 -1.00
974 975 -1.00
975 976 -1.00
976 977 -1.00
977 978 -1.00
978 979 -1.00
979 980 -1.00
980 981 -1.00
981 982 -1.00
982 983 -1.00
983 984 -1.00
984 985 -1.00
985 986 -1.00
986 987 -1.00
987 988 -1.00
988 989 -1.00
989 990 -1.00
990 991 -1.00
991 992 -1.00
992 993 -1.00
993 994 -1.00
994 995 -1.00
995 996 -1.00
996 997 -1.00
997 998 -1.00
998 999 -1.00
